AD1-fit data

Labels,AD1,AD1F2,AD1F2R,
Type,Time Scan,Exponential Fit Time Scan,Weighted Residuals Time Scan,
Comment,,,,
Start,0.00,80.078125,80.078125,
Stop,1998.046900,1998.046900,1998.046900,
Step,1.9531250,1.9531250,1.9531250,
Fixed/Offset, , , ,
XAxis,Time(ns),Time,Time,
YAxis,Counts (a.u.),Counts (a.u.),Counts (a.u.),
Chi2,,1.0643170,,
dt,,,,
dtErr,,,,
A,,24.7810,,
Tau1,,83.62670,,
Tau2,,942.329940,,
Tau3,,,,
Tau4,,,,
B1,,22.713463,,
B2,,26.514709,,
B3,,,,
B4,,,,
Tau1Err,,21.589017,,
Tau2Err,,229.354310,,
Tau3Err,,,,
Tau4Err,,,,
B1Err,,2.9925151,,
B2Err,,1.3643286,,
B3Err,,,,
B4Err,,,,
TauAvInt,,881.661830,,
TauAvAmp,,546.131550,,
TauAvIntErr,,227.386830,,
TauAvAmpErr,,127.555640,,

0.00,0.00000000E+0, , ,
1.9531250,0.00000000E+0, , ,
3.906250,0.00000000E+0, , ,
5.8593750,0.00000000E+0, , ,
7.81250,0.00000000E+0, , ,
9.7656250,0.00000000E+0, , ,
11.718750,0.00000000E+0, , ,
13.671875,0.00000000E+0, , ,
15.6250,0.00000000E+0, , ,
17.578125,0.00000000E+0, , ,
19.531250,0.00000000E+0, , ,
21.484375,0.00000000E+0, , ,
23.43750,0.00000000E+0, , ,
25.390625,0.00000000E+0, , ,
27.343750,0.00000000E+0, , ,
29.296875,0.00000000E+0, , ,
31.250,0.00000000E+0, , ,
33.203125,0.00000000E+0, , ,
35.156250,0.00000000E+0, , ,
37.109375,0.00000000E+0, , ,
39.06250,0.00000000E+0, , ,
41.015625,2.60000000E+1, , ,
42.968750,3.60000000E+1, , ,
44.921875,2.20000000E+1, , ,
46.8750,3.50000000E+1, , ,
48.828125,3.00000000E+1, , ,
50.781250,3.40000000E+1, , ,
52.734375,3.20000000E+1, , ,
54.68750,3.00000000E+1, , ,
56.640625,3.10000000E+1, , ,
58.593750,2.30000000E+1, , ,
60.546875,2.50000000E+1, , ,
62.50,2.90000000E+1, , ,
64.453125,3.30000000E+1, , ,
66.406250,3.10000000E+1, , ,
68.359375,4.00000000E+1, , ,
70.31250,2.90000000E+1, , ,
72.265625,5.60000000E+1, , ,
74.218750,6.90000000E+1, , ,
76.171875,7.20000000E+1, , ,
78.1250,8.80000000E+1, , ,
80.078125,8.50000000E+1,7.34299469E+1,1.25494850E+0,
82.031250,7.70000000E+1,7.28629303E+1,4.71462846E-1,
83.984375,6.20000000E+1,7.23078613E+1,-1.30909967E+0,
85.93750,5.50000000E+1,7.17644501E+1,-2.26051784E+0,
87.890625,6.90000000E+1,7.12324371E+1,-2.68753856E-1,
89.843750,6.90000000E+1,7.07115631E+1,-2.06047982E-1,
91.796875,6.80000000E+1,7.02015686E+1,-2.66979396E-1,
93.750,7.90000000E+1,6.97022095E+1,1.04608321E+0,
95.703125,7.80000000E+1,6.92132416E+1,9.94904459E-1,
97.656250,8.30000000E+1,6.87344284E+1,1.56584990E+0,
99.609375,7.30000000E+1,6.82655334E+1,5.54127395E-1,
101.562500,7.70000000E+1,6.78063354E+1,1.04771531E+0,
103.515630,8.30000000E+1,6.73566055E+1,1.71708560E+0,
105.468750,6.50000000E+1,6.69161377E+1,-2.37667635E-1,
107.421880,6.70000000E+1,6.64847107E+1,6.29526079E-2,
109.37500,6.00000000E+1,6.60621185E+1,-7.82616138E-1,
111.328130,5.80000000E+1,6.56481705E+1,-1.00425398E+0,
113.281250,6.10000000E+1,6.52426605E+1,-5.43217003E-1,
115.234380,6.80000000E+1,6.48453979E+1,3.82551700E-1,
117.187500,5.50000000E+1,6.44561920E+1,-1.27507269E+0,
119.140630,6.90000000E+1,6.40748672E+1,5.92916310E-1,
121.093750,7.90000000E+1,6.37012329E+1,1.72124577E+0,
123.046880,6.90000000E+1,6.33351212E+1,6.81971252E-1,
125.00,6.50000000E+1,6.29763603E+1,2.51001596E-1,
126.953130,7.30000000E+1,6.26247826E+1,1.21432734E+0,
128.906250,6.20000000E+1,6.22802200E+1,-3.55879776E-2,
130.859380,5.60000000E+1,6.19425163E+1,-7.94102192E-1,
132.812500,6.50000000E+1,6.16115150E+1,4.20289844E-1,
134.765630,7.10000000E+1,6.12870674E+1,1.15271306E+0,
136.718750,6.20000000E+1,6.09690170E+1,1.30934969E-1,
138.671880,4.90000000E+1,6.06572227E+1,-1.66531754E+0,
140.62500,5.10000000E+1,6.03515434E+1,-1.30947804E+0,
142.578130,6.60000000E+1,6.00518379E+1,7.32168138E-1,
144.531250,5.90000000E+1,5.97579727E+1,-9.86796394E-2,
146.484380,5.20000000E+1,5.94698105E+1,-1.03587639E+0,
148.437500,6.20000000E+1,5.91872253E+1,3.57222736E-1,
150.390630,6.20000000E+1,5.89100914E+1,3.92418772E-1,
152.343750,5.50000000E+1,5.86382866E+1,-4.90586460E-1,
154.296880,5.20000000E+1,5.83716888E+1,-8.83594275E-1,
156.2500,5.40000000E+1,5.81101761E+1,-5.59324145E-1,
158.203130,6.50000000E+1,5.78536377E+1,8.86397123E-1,
160.156250,6.90000000E+1,5.76019592E+1,1.37216282E+0,
162.109380,4.10000000E+1,5.73550301E+1,-2.55422664E+0,
164.062500,6.20000000E+1,5.71127472E+1,6.20681703E-1,
166.015630,5.50000000E+1,5.68750000E+1,-2.52824932E-1,
167.968750,6.40000000E+1,5.66416855E+1,9.19789314E-1,
169.921880,6.00000000E+1,5.64127121E+1,4.63116884E-1,
171.87500,5.50000000E+1,5.61879692E+1,-1.60185739E-1,
173.828130,4.60000000E+1,5.59673691E+1,-1.46960843E+0,
175.781250,5.50000000E+1,5.57508240E+1,-1.01241082E-1,
177.734380,5.70000000E+1,5.55382271E+1,1.93616554E-1,
179.687500,5.00000000E+1,5.53294983E+1,-7.53704846E-1,
181.640630,7.60000000E+1,5.51245537E+1,2.39457798E+0,
183.593750,5.80000000E+1,5.49233017E+1,4.03990269E-1,
185.546880,5.50000000E+1,5.47256660E+1,3.69911827E-2,
187.500,5.60000000E+1,5.45315552E+1,1.96229205E-1,
189.453130,5.20000000E+1,5.43409042E+1,-3.24625015E-1,
191.406250,5.30000000E+1,5.41536179E+1,-1.58461601E-1,
193.359380,5.50000000E+1,5.39696350E+1,1.38934389E-1,
195.312500,5.20000000E+1,5.37888756E+1,-2.48072416E-1,
197.265630,4.80000000E+1,5.36112671E+1,-8.09916675E-1,
199.218750,4.40000000E+1,5.34367447E+1,-1.42264283E+0,
201.171880,5.80000000E+1,5.32652283E+1,6.21706009E-1,
203.12500,5.00000000E+1,5.30966606E+1,-4.37933952E-1,
205.078130,4.10000000E+1,5.29309692E+1,-1.86330426E+0,
207.031250,5.10000000E+1,5.27680931E+1,-2.47582555E-1,
208.984380,4.60000000E+1,5.26079712E+1,-9.74292219E-1,
210.937500,6.30000000E+1,5.24505386E+1,1.32910728E+0,
212.890630,5.30000000E+1,5.22957344E+1,9.67383236E-2,
214.843750,5.00000000E+1,5.21435013E+1,-3.03136855E-1,
216.796880,4.90000000E+1,5.19937897E+1,-4.27684247E-1,
218.7500,4.90000000E+1,5.18465271E+1,-4.06646729E-1,
220.703130,4.90000000E+1,5.17016716E+1,-3.85953069E-1,
222.656250,4.10000000E+1,5.15591660E+1,-1.64906466E+0,
224.609380,4.90000000E+1,5.14189606E+1,-3.45565796E-1,
226.562500,4.30000000E+1,5.12809982E+1,-1.26284039E+0,
228.515630,5.80000000E+1,5.11452370E+1,9.00074482E-1,
230.468750,5.50000000E+1,5.10116234E+1,5.37792563E-1,
232.421880,5.50000000E+1,5.08801079E+1,5.55526137E-1,
234.37500,5.00000000E+1,5.07506485E+1,-1.06157728E-1,
236.328130,6.40000000E+1,5.06231995E+1,1.67210007E+0,
238.281250,6.20000000E+1,5.04977112E+1,1.46079206E+0,
240.234380,5.70000000E+1,5.03741493E+1,8.77615392E-1,
242.187500,6.00000000E+1,5.02524643E+1,1.25840151E+0,
244.140630,6.00000000E+1,5.01326180E+1,1.27387357E+0,
246.093750,4.80000000E+1,5.00145683E+1,-2.90777892E-1,
248.046880,6.40000000E+1,4.98982773E+1,1.76271534E+0,
250.00,4.80000000E+1,4.97837029E+1,-2.57455319E-1,
251.953130,4.50000000E+1,4.96708145E+1,-6.96283937E-1,
253.906250,5.30000000E+1,4.95595665E+1,4.72579896E-1,
255.859380,4.20000000E+1,4.94499283E+1,-1.14954889E+0,
257.812500,5.50000000E+1,4.93418655E+1,7.62942672E-1,
259.765630,4.80000000E+1,4.92353363E+1,-1.78305432E-1,
261.718750,4.10000000E+1,4.91303177E+1,-1.26974225E+0,
263.671880,4.60000000E+1,4.90267715E+1,-4.46273118E-1,
265.62500,5.30000000E+1,4.89246674E+1,5.59790015E-1,
267.578130,4.50000000E+1,4.88239746E+1,-5.70044458E-1,
269.531250,5.70000000E+1,4.87246552E+1,1.09609616E+0,
271.484380,5.80000000E+1,4.86266899E+1,1.23077595E+0,
273.437500,5.80000000E+1,4.85300446E+1,1.24346602E+0,
275.390630,4.90000000E+1,4.84346886E+1,8.07587728E-2,
277.343750,4.50000000E+1,4.83405952E+1,-4.97986555E-1,
279.296880,4.30000000E+1,4.82477417E+1,-8.00273120E-1,
281.2500,5.40000000E+1,4.81560936E+1,7.95254946E-1,
283.203130,4.70000000E+1,4.80656281E+1,-1.55437827E-1,
285.156250,3.40000000E+1,4.79763260E+1,-2.39692020E+0,
287.109380,4.80000000E+1,4.78881569E+1,1.61431618E-2,
289.062500,5.30000000E+1,4.78010941E+1,7.14124680E-1,
291.015630,5.70000000E+1,4.77151184E+1,1.22981262E+0,
292.968750,6.10000000E+1,4.76302032E+1,1.71182704E+0,
294.921880,5.90000000E+1,4.75463333E+1,1.49114037E+0,
296.87500,5.60000000E+1,4.74634781E+1,1.14074075E+0,
298.828130,5.20000000E+1,4.73816147E+1,6.40454829E-1,
300.781250,5.80000000E+1,4.73007355E+1,1.40488231E+0,
302.734380,4.60000000E+1,4.72208023E+1,-1.79997489E-1,
304.687500,4.00000000E+1,4.71418076E+1,-1.12921894E+0,
306.640630,4.10000000E+1,4.70637283E+1,-9.46995258E-1,
308.593750,4.60000000E+1,4.69865417E+1,-1.45457640E-1,
310.546880,5.20000000E+1,4.69102325E+1,7.05823779E-1,
312.500,4.20000000E+1,4.68347778E+1,-7.46022403E-1,
314.453130,5.00000000E+1,4.67601700E+1,4.58181143E-1,
316.406250,5.20000000E+1,4.66863823E+1,7.36866236E-1,
318.359380,5.00000000E+1,4.66133995E+1,4.78937626E-1,
320.312500,4.50000000E+1,4.65412064E+1,-2.29749486E-1,
322.265630,5.00000000E+1,4.64697876E+1,4.99247432E-1,
324.218750,5.40000000E+1,4.63991203E+1,1.03434873E+0,
326.171880,4.40000000E+1,4.63291969E+1,-3.51139665E-1,
328.12500,5.50000000E+1,4.62599983E+1,1.17850161E+0,
330.078130,4.60000000E+1,4.61915131E+1,-2.82370616E-2,
332.031250,6.20000000E+1,4.61237183E+1,2.01628971E+0,
333.984380,5.20000000E+1,4.60566101E+1,8.24199915E-1,
335.937500,4.20000000E+1,4.59901695E+1,-6.15696549E-1,
337.890630,5.70000000E+1,4.59243851E+1,1.46700108E+0,
339.843750,4.10000000E+1,4.58592377E+1,-7.58885384E-1,
341.796880,5.00000000E+1,4.57947235E+1,5.94715893E-1,
343.7500,5.90000000E+1,4.57308197E+1,1.72750008E+0,
345.703130,5.60000000E+1,4.56675186E+1,1.38073599E+0,
347.656250,3.60000000E+1,4.56048126E+1,-1.60080206E+0,
349.609380,5.50000000E+1,4.55426865E+1,1.27522385E+0,
351.562500,3.50000000E+1,4.54811249E+1,-1.77163351E+0,
353.515630,3.90000000E+1,4.54201202E+1,-1.02804196E+0,
355.468750,3.90000000E+1,4.53596573E+1,-1.01836014E+0,
357.421880,5.10000000E+1,4.52997360E+1,7.98196614E-1,
359.37500,4.10000000E+1,4.52403336E+1,-6.62228823E-1,
361.328130,4.00000000E+1,4.51814423E+1,-8.19257975E-1,
363.281250,6.30000000E+1,4.51230621E+1,2.25228262E+0,
365.234380,4.50000000E+1,4.50651703E+1,-9.71501321E-3,
367.187500,5.30000000E+1,4.50077629E+1,1.09781826E+0,
369.140630,5.00000000E+1,4.49508286E+1,7.14060664E-1,
371.093750,5.00000000E+1,4.48943634E+1,7.22046018E-1,
373.046880,4.30000000E+1,4.48383560E+1,-2.80346662E-1,
375.00,4.50000000E+1,4.47827911E+1,3.23795862E-2,
376.953130,3.50000000E+1,4.47276688E+1,-1.64427614E+0,
378.906250,3.80000000E+1,4.46729736E+1,-1.08249927E+0,
380.859380,3.80000000E+1,4.46187019E+1,-1.07369518E+0,
382.812500,4.00000000E+1,4.45648422E+1,-7.21764922E-1,
384.765630,5.10000000E+1,4.45113945E+1,9.08586502E-1,
386.718750,4.90000000E+1,4.44583435E+1,6.48808062E-1,
388.671880,4.70000000E+1,4.44056854E+1,3.78419667E-1,
390.62500,3.00000000E+1,4.43534088E+1,-2.62056208E+0,
392.578130,4.70000000E+1,4.43015137E+1,3.93614680E-1,
394.531250,3.70000000E+1,4.42499847E+1,-1.19189012E+0,
396.484380,4.20000000E+1,4.41988144E+1,-3.39284420E-1,
398.437500,3.80000000E+1,4.41480103E+1,-9.97338951E-1,
400.390630,5.30000000E+1,4.40975494E+1,1.22284567E+0,
402.343750,4.20000000E+1,4.40474358E+1,-3.15926194E-1,
404.296880,3.50000000E+1,4.39976578E+1,-1.52088177E+0,
406.2500,3.80000000E+1,4.39482117E+1,-9.64927375E-1,
408.203130,3.90000000E+1,4.38990898E+1,-7.84482241E-1,
410.156250,3.40000000E+1,4.38502884E+1,-1.68931055E+0,
412.109380,5.20000000E+1,4.38018036E+1,1.13688529E+0,
414.062500,5.40000000E+1,4.37536240E+1,1.39435518E+0,
416.015630,3.70000000E+1,4.37057457E+1,-1.10241783E+0,
417.968750,4.40000000E+1,4.36581650E+1,5.15335687E-2,
419.921880,3.20000000E+1,4.36108780E+1,-2.05253267E+0,
421.87500,4.50000000E+1,4.35638809E+1,2.14083999E-1,
423.828130,5.20000000E+1,4.35171661E+1,1.17635739E+0,
425.781250,4.50000000E+1,4.34707260E+1,2.27970704E-1,
427.734380,3.10000000E+1,4.34245605E+1,-2.23151684E+0,
429.687500,5.30000000E+1,4.33786583E+1,1.32159293E+0,
431.640630,5.10000000E+1,4.33330231E+1,1.07359147E+0,
433.593750,5.70000000E+1,4.32876472E+1,1.81624556E+0,
435.546880,4.00000000E+1,4.32425232E+1,-5.12687922E-1,
437.500,4.00000000E+1,4.31976547E+1,-5.05593598E-1,
439.453130,4.10000000E+1,4.31530304E+1,-3.36246848E-1,
441.406250,5.70000000E+1,4.31086502E+1,1.83995426E+0,
443.359380,3.40000000E+1,4.30645027E+1,-1.55454934E+0,
445.312500,6.20000000E+1,4.30205917E+1,2.41038728E+0,
447.265630,4.10000000E+1,4.29769135E+1,-3.08742017E-1,
449.218750,4.30000000E+1,4.29334641E+1,1.01466374E-2,
451.171880,5.30000000E+1,4.28902321E+1,1.38868344E+0,
453.12500,4.10000000E+1,4.28472214E+1,-2.88487494E-1,
455.078130,4.60000000E+1,4.28044281E+1,4.71161366E-1,
457.031250,4.30000000E+1,4.27618484E+1,3.63177694E-2,
458.984380,4.00000000E+1,4.27194824E+1,-4.29987937E-1,
460.937500,5.30000000E+1,4.26773148E+1,1.41792989E+0,
462.890630,5.00000000E+1,4.26353531E+1,1.04151833E+0,
464.843750,4.80000000E+1,4.25935974E+1,7.80346990E-1,
466.796880,4.50000000E+1,4.25520325E+1,3.64921451E-1,
468.7500,4.90000000E+1,4.25106659E+1,9.27047729E-1,
470.703130,3.20000000E+1,4.24694862E+1,-1.85076118E+0,
472.656250,5.50000000E+1,4.24284973E+1,1.69514108E+0,
474.609380,5.60000000E+1,4.23876953E+1,1.81902075E+0,
476.562500,5.70000000E+1,4.23470726E+1,1.94082761E+0,
478.515630,4.80000000E+1,4.23066330E+1,8.21766734E-1,
480.468750,4.30000000E+1,4.22663727E+1,1.11877114E-1,
482.421880,4.60000000E+1,4.22262802E+1,5.56404650E-1,
484.37500,4.50000000E+1,4.21863670E+1,4.19431657E-1,
486.328130,3.70000000E+1,4.21466217E+1,-8.46099377E-1,
488.281250,3.10000000E+1,4.21070480E+1,-1.99488473E+0,
490.234380,4.20000000E+1,4.20676346E+1,-1.04362424E-2,
492.187500,4.50000000E+1,4.20283890E+1,4.42981631E-1,
494.140630,4.20000000E+1,4.19892998E+1,1.65108067E-3,
496.093750,3.60000000E+1,4.19503708E+1,-9.91728485E-1,
498.046880,4.40000000E+1,4.19115982E+1,3.14838409E-1,
500.00,3.90000000E+1,4.18729820E+1,-4.60045308E-1,
501.953130,4.90000000E+1,4.18345184E+1,1.02364016E+0,
503.906250,4.00000000E+1,4.17962036E+1,-2.84004718E-1,
505.859380,5.20000000E+1,4.17580414E+1,1.42030418E+0,
507.812500,5.00000000E+1,4.17200241E+1,1.17096543E+0,
509.765630,4.80000000E+1,4.16821518E+1,9.11902845E-1,
511.718750,4.40000000E+1,4.16444168E+1,3.55117530E-1,
513.671880,5.00000000E+1,4.16068306E+1,1.18697333E+0,
515.62500,3.90000000E+1,4.15693817E+1,-4.11430359E-1,
517.578130,4.30000000E+1,4.15320702E+1,2.23857194E-1,
519.531250,5.10000000E+1,4.14948959E+1,1.33098078E+0,
521.484380,4.70000000E+1,4.14578552E+1,8.08404863E-1,
523.437500,4.10000000E+1,4.14209442E+1,-6.57404438E-2,
525.390630,4.80000000E+1,4.13841705E+1,9.54912722E-1,
527.343750,4.40000000E+1,4.13475227E+1,3.99875998E-1,
529.296880,5.20000000E+1,4.13110046E+1,1.48229694E+0,
531.2500,4.30000000E+1,4.12746124E+1,2.63119131E-1,
533.203130,4.90000000E+1,4.12383461E+1,1.10880768E+0,
535.156250,4.90000000E+1,4.12022018E+1,1.11397111E+0,
537.109380,3.80000000E+1,4.11661835E+1,-5.13622761E-1,
539.062500,4.30000000E+1,4.11302872E+1,2.85128534E-1,
541.015630,4.40000000E+1,4.10945053E+1,4.38019812E-1,
542.968750,3.10000000E+1,4.10588455E+1,-1.80662191E+0,
544.921880,3.60000000E+1,4.10233040E+1,-8.37217331E-1,
546.87500,4.80000000E+1,4.09878769E+1,1.01211286E+0,
548.828130,4.00000000E+1,4.09525642E+1,-1.50613636E-1,
550.781250,3.10000000E+1,4.09173660E+1,-1.78121150E+0,
552.734380,4.20000000E+1,4.08822823E+1,1.72467589E-1,
554.687500,5.20000000E+1,4.08473053E+1,1.54660046E+0,
556.640630,3.60000000E+1,4.08124428E+1,-8.02073777E-1,
558.593750,4.90000000E+1,4.07776871E+1,1.17461610E+0,
560.546880,4.40000000E+1,4.07430420E+1,4.91004914E-1,
562.500,4.80000000E+1,4.07085037E+1,1.05243683E+0,
564.453130,3.40000000E+1,4.06740685E+1,-1.14459336E+0,
566.406250,3.70000000E+1,4.06397362E+1,-5.98368943E-1,
568.359380,3.50000000E+1,4.06055107E+1,-9.47504222E-1,
570.312500,4.10000000E+1,4.05713882E+1,6.69379085E-2,
572.265630,4.70000000E+1,4.05373688E+1,9.42671657E-1,
574.218750,4.80000000E+1,4.05034485E+1,1.08203399E+0,
576.171880,4.30000000E+1,4.04696312E+1,3.85877639E-1,
578.12500,4.60000000E+1,4.04359093E+1,8.20380449E-1,
580.078130,3.80000000E+1,4.04022903E+1,-3.89702946E-1,
582.031250,3.10000000E+1,4.03687668E+1,-1.68268013E+0,
583.984380,4.40000000E+1,4.03353348E+1,5.52469075E-1,
585.937500,3.50000000E+1,4.03020058E+1,-8.96202564E-1,
587.890630,4.80000000E+1,4.02687683E+1,1.11590719E+0,
589.843750,4.40000000E+1,4.02356262E+1,5.67500710E-1,
591.796880,4.20000000E+1,4.02025757E+1,2.77348608E-1,
593.7500,4.00000000E+1,4.01696243E+1,-2.68199611E-2,
595.703130,3.90000000E+1,4.01367569E+1,-1.82026789E-1,
597.656250,2.90000000E+1,4.01039848E+1,-2.06195831E+0,
599.609380,5.00000000E+1,4.00713005E+1,1.40413010E+0,
601.562500,4.20000000E+1,4.00387077E+1,3.02633971E-1,
603.515630,5.80000000E+1,4.00062027E+1,2.36270142E+0,
605.468750,3.90000000E+1,3.99737892E+1,-1.55931070E-1,
607.421880,4.40000000E+1,3.99414597E+1,6.11847997E-1,
609.37500,3.70000000E+1,3.99092216E+1,-4.78273094E-1,
611.328130,3.10000000E+1,3.98770676E+1,-1.59436834E+0,
613.281250,4.00000000E+1,3.98449974E+1,2.45080628E-2,
615.234380,4.40000000E+1,3.98130150E+1,6.31211758E-1,
617.187500,4.70000000E+1,3.97811165E+1,1.05298233E+0,
619.140630,4.10000000E+1,3.97493019E+1,1.95326224E-1,
621.093750,3.30000000E+1,3.97175713E+1,-1.16937912E+0,
623.046880,3.70000000E+1,3.96859207E+1,-4.41562653E-1,
625.00,4.10000000E+1,3.96543541E+1,2.10154578E-1,
626.953130,3.10000000E+1,3.96228676E+1,-1.54871273E+0,
628.906250,4.30000000E+1,3.95914650E+1,5.19796729E-1,
630.859380,3.40000000E+1,3.95601425E+1,-9.53556597E-1,
632.812500,4.40000000E+1,3.95289001E+1,6.74043655E-1,
634.765630,3.40000000E+1,3.94977341E+1,-9.42853630E-1,
636.718750,3.90000000E+1,3.94666519E+1,-7.47241080E-2,
638.671880,3.90000000E+1,3.94356461E+1,-6.97591975E-2,
640.62500,3.40000000E+1,3.94047165E+1,-9.26901221E-1,
642.578130,3.60000000E+1,3.93738670E+1,-5.62311172E-1,
644.531250,3.90000000E+1,3.93430939E+1,-5.49389869E-2,
646.484380,4.30000000E+1,3.93123932E+1,5.62354743E-1,
648.437500,3.70000000E+1,3.92817764E+1,-3.75121742E-1,
650.390630,3.50000000E+1,3.92512283E+1,-7.18588769E-1,
652.343750,3.50000000E+1,3.92207603E+1,-7.13438690E-1,
654.296880,5.70000000E+1,3.91903648E+1,2.35894370E+0,
656.2500,4.10000000E+1,3.91600456E+1,2.87352592E-1,
658.203130,3.70000000E+1,3.91297989E+1,-3.50136787E-1,
660.156250,3.80000000E+1,3.90996246E+1,-1.78382665E-1,
662.109380,3.80000000E+1,3.90695267E+1,-1.73500136E-1,
664.062500,4.40000000E+1,3.90394974E+1,7.47823894E-1,
666.015630,4.50000000E+1,3.90095444E+1,8.93004417E-1,
667.968750,4.50000000E+1,3.89796600E+1,8.97459328E-1,
669.921880,4.20000000E+1,3.89498520E+1,4.70648050E-1,
671.87500,4.70000000E+1,3.89201126E+1,1.17857265E+0,
673.828130,4.60000000E+1,3.88904419E+1,1.04824722E+0,
675.781250,3.00000000E+1,3.88608475E+1,-1.61776209E+0,
677.734380,3.90000000E+1,3.88313179E+1,2.70107538E-2,
679.687500,3.40000000E+1,3.88018570E+1,-8.23511660E-1,
681.640630,3.90000000E+1,3.87724686E+1,3.64341885E-2,
683.593750,4.40000000E+1,3.87431488E+1,7.92500138E-1,
685.546880,5.30000000E+1,3.87139015E+1,1.96234655E+0,
687.500,3.20000000E+1,3.86847191E+1,-1.18170249E+0,
689.453130,4.80000000E+1,3.86556015E+1,1.34874773E+0,
691.406250,3.40000000E+1,3.86265564E+1,-7.93447852E-1,
693.359380,4.10000000E+1,3.85975800E+1,3.75194967E-1,
695.312500,4.20000000E+1,3.85686646E+1,5.29466569E-1,
697.265630,3.80000000E+1,3.85398216E+1,-8.75706300E-2,
699.218750,3.00000000E+1,3.85110435E+1,-1.55389690E+0,
701.171880,4.40000000E+1,3.84823303E+1,8.31820011E-1,
703.12500,3.30000000E+1,3.84536858E+1,-9.49364841E-1,
705.078130,3.40000000E+1,3.84251060E+1,-7.58899450E-1,
707.031250,3.30000000E+1,3.83965912E+1,-9.39425945E-1,
708.984380,4.60000000E+1,3.83681412E+1,1.12525618E+0,
710.937500,3.60000000E+1,3.83397560E+1,-3.89959335E-1,
712.890630,4.50000000E+1,3.83114357E+1,9.97072279E-1,
714.843750,4.30000000E+1,3.82831802E+1,7.19308257E-1,
716.796880,3.60000000E+1,3.82549896E+1,-3.75831604E-1,
718.7500,3.60000000E+1,3.82268600E+1,-3.71143341E-1,
720.703130,3.20000000E+1,3.81987953E+1,-1.09580255E+0,
722.656250,3.00000000E+1,3.81707954E+1,-1.49177635E+0,
724.609380,3.20000000E+1,3.81428566E+1,-1.08591390E+0,
726.562500,3.00000000E+1,3.81149826E+1,-1.48158634E+0,
728.515630,4.00000000E+1,3.80871696E+1,3.02445024E-1,
730.468750,4.60000000E+1,3.80594177E+1,1.17077494E+0,
732.421880,3.50000000E+1,3.80317307E+1,-5.12456000E-1,
734.37500,4.10000000E+1,3.80041046E+1,4.67880249E-1,
736.328130,3.80000000E+1,3.79765396E+1,3.80577752E-3,
738.281250,4.00000000E+1,3.79490356E+1,3.24285954E-1,
740.234380,3.60000000E+1,3.79215927E+1,-3.20265442E-1,
742.187500,3.00000000E+1,3.78942146E+1,-1.44127989E+0,
744.140630,4.70000000E+1,3.78668938E+1,1.33220041E+0,
746.093750,4.40000000E+1,3.78396339E+1,9.28710163E-1,
748.046880,2.90000000E+1,3.78124313E+1,-1.63642740E+0,
750.00,4.10000000E+1,3.77852936E+1,5.02052784E-1,
751.953130,2.10000000E+1,3.77582130E+1,-3.65694189E+0,
753.906250,2.80000000E+1,3.77311935E+1,-1.83902276E+0,
755.859380,3.60000000E+1,3.77042313E+1,-2.84038544E-1,
757.812500,3.60000000E+1,3.76773300E+1,-2.79554993E-1,
759.765630,4.50000000E+1,3.76504898E+1,1.09560025E+0,
761.718750,3.30000000E+1,3.76237030E+1,-8.04883420E-1,
763.671880,3.30000000E+1,3.75969772E+1,-8.00231040E-1,
765.62500,4.00000000E+1,3.75703125E+1,3.84167314E-1,
767.578130,4.40000000E+1,3.75437050E+1,9.73323107E-1,
769.531250,4.70000000E+1,3.75171547E+1,1.38321507E+0,
771.484380,2.90000000E+1,3.74906616E+1,-1.57667625E+0,
773.437500,3.90000000E+1,3.74642258E+1,2.45920688E-1,
775.390630,3.60000000E+1,3.74378510E+1,-2.39641830E-1,
777.343750,4.60000000E+1,3.74115295E+1,1.26630092E+0,
779.296880,3.60000000E+1,3.73852654E+1,-2.30877563E-1,
781.2500,3.90000000E+1,3.73590622E+1,2.62760341E-1,
783.203130,4.20000000E+1,3.73329124E+1,7.20147252E-1,
785.156250,3.20000000E+1,3.73068161E+1,-9.38121438E-1,
787.109380,3.50000000E+1,3.72807846E+1,-3.85522962E-1,
789.062500,3.80000000E+1,3.72548027E+1,1.20886967E-1,
791.015630,4.00000000E+1,3.72288780E+1,4.38152850E-1,
792.968750,2.80000000E+1,3.72030106E+1,-1.73920560E+0,
794.921880,3.40000000E+1,3.71772003E+1,-5.44885337E-1,
796.87500,3.80000000E+1,3.71514435E+1,1.37654051E-1,
798.828130,5.10000000E+1,3.71257401E+1,1.94278502E+0,
800.781250,4.70000000E+1,3.71000977E+1,1.44404912E+0,
802.734380,3.80000000E+1,3.70745049E+1,1.50135145E-1,
804.687500,3.20000000E+1,3.70489693E+1,-8.92540097E-1,
806.640630,2.50000000E+1,3.70234909E+1,-2.40469813E+0,
808.593750,3.60000000E+1,3.69980621E+1,-1.66343689E-1,
810.546880,3.40000000E+1,3.69726906E+1,-5.09812236E-1,
812.500,4.40000000E+1,3.69473724E+1,1.06322360E+0,
814.453130,3.10000000E+1,3.69221077E+1,-1.06364191E+0,
816.406250,4.30000000E+1,3.68968964E+1,9.30714607E-1,
818.359380,4.30000000E+1,3.68717422E+1,9.34550524E-1,
820.312500,5.10000000E+1,3.68466415E+1,1.98186660E+0,
822.265630,4.30000000E+1,3.68215942E+1,9.42198038E-1,
824.218750,3.40000000E+1,3.67966003E+1,-4.79613006E-1,
826.171880,2.70000000E+1,3.67716560E+1,-1.88055611E+0,
828.12500,2.80000000E+1,3.67467690E+1,-1.65298402E+0,
830.078130,3.10000000E+1,3.67219315E+1,-1.02768922E+0,
832.031250,2.90000000E+1,3.66971512E+1,-1.42932510E+0,
833.984380,4.00000000E+1,3.66724167E+1,5.26137114E-1,
835.937500,4.10000000E+1,3.66477432E+1,6.79708302E-1,
837.890630,4.40000000E+1,3.66231155E+1,1.11210716E+0,
839.843750,3.70000000E+1,3.65985413E+1,6.59994110E-2,
841.796880,4.40000000E+1,3.65740204E+1,1.11950862E+0,
843.7500,3.00000000E+1,3.65495529E+1,-1.19577932E+0,
845.703130,3.20000000E+1,3.65251389E+1,-7.99939096E-1,
847.656250,3.40000000E+1,3.65007706E+1,-4.28878605E-1,
849.609380,3.20000000E+1,3.64764557E+1,-7.91333020E-1,
851.562500,3.00000000E+1,3.64521942E+1,-1.17800415E+0,
853.515630,4.00000000E+1,3.64279861E+1,5.64785004E-1,
855.468750,2.50000000E+1,3.64038239E+1,-2.28076482E+0,
857.421880,4.00000000E+1,3.63797150E+1,5.72417319E-1,
859.37500,3.60000000E+1,3.63556595E+1,-5.92765808E-2,
861.328130,2.50000000E+1,3.63316498E+1,-2.26633000E+0,
863.281250,4.60000000E+1,3.63076935E+1,1.42905259E+0,
865.234380,4.10000000E+1,3.62837906E+1,7.36548126E-1,
867.187500,3.10000000E+1,3.62599335E+1,-9.44711924E-1,
869.140630,3.90000000E+1,3.62361298E+1,4.42573428E-1,
871.093750,3.10000000E+1,3.62123718E+1,-9.36169624E-1,
873.046880,3.30000000E+1,3.61886673E+1,-5.55075765E-1,
875.00,2.20000000E+1,3.61650124E+1,-3.01999092E+0,
876.953130,3.00000000E+1,3.61414070E+1,-1.12126243E+0,
878.906250,3.20000000E+1,3.61178513E+1,-7.27940142E-1,
880.859380,4.60000000E+1,3.60943451E+1,1.46050918E+0,
882.812500,3.50000000E+1,3.60708885E+1,-1.81013197E-1,
884.765630,3.70000000E+1,3.60474815E+1,1.56593069E-1,
886.718750,3.30000000E+1,3.60241241E+1,-5.26432455E-1,
888.671880,3.30000000E+1,3.60008163E+1,-5.22375107E-1,
890.62500,3.50000000E+1,3.59775543E+1,-1.65236846E-1,
892.578130,3.80000000E+1,3.59543419E+1,3.31849575E-1,
894.531250,3.90000000E+1,3.59311829E+1,4.91404027E-1,
896.484380,3.80000000E+1,3.59080658E+1,3.39356542E-1,
898.437500,2.90000000E+1,3.58850021E+1,-1.27851284E+0,
900.390630,4.20000000E+1,3.58619843E+1,9.47116375E-1,
902.343750,3.70000000E+1,3.58390198E+1,1.90863982E-1,
904.296880,4.20000000E+1,3.58160973E+1,9.54196930E-1,
906.2500,3.90000000E+1,3.57932243E+1,5.13495088E-1,
908.203130,3.70000000E+1,3.57704010E+1,2.02144831E-1,
910.156250,2.80000000E+1,3.57476234E+1,-1.46416318E+0,
912.109380,2.80000000E+1,3.57248955E+1,-1.45986807E+0,
914.062500,3.60000000E+1,3.57022133E+1,4.96311188E-2,
916.015630,3.30000000E+1,3.56795807E+1,-4.66455132E-1,
917.968750,3.80000000E+1,3.56569939E+1,3.80085796E-1,
919.921880,3.30000000E+1,3.56344528E+1,-4.58599389E-1,
921.87500,4.30000000E+1,3.56119614E+1,1.12666535E+0,
923.828130,3.30000000E+1,3.55895157E+1,-4.50776815E-1,
925.781250,2.50000000E+1,3.55671158E+1,-2.11342311E+0,
927.734380,4.90000000E+1,3.55447655E+1,1.92217636E+0,
929.687500,4.40000000E+1,3.55224609E+1,1.27803707E+0,
931.640630,3.60000000E+1,3.55002022E+1,8.32996368E-2,
933.593750,2.80000000E+1,3.54779930E+1,-1.41320789E+0,
935.546880,3.80000000E+1,3.54558258E+1,4.12719548E-1,
937.500,3.40000000E+1,3.54337082E+1,-2.45878920E-1,
939.453130,3.80000000E+1,3.54116364E+1,4.19888020E-1,
941.406250,4.00000000E+1,3.53896103E+1,7.28966653E-1,
943.359380,3.30000000E+1,3.53676262E+1,-4.12150830E-1,
945.312500,3.60000000E+1,3.53456955E+1,1.09050751E-1,
947.265630,3.30000000E+1,3.53238029E+1,-4.04522181E-1,
949.218750,4.10000000E+1,3.53019600E+1,8.89884353E-1,
951.171880,4.00000000E+1,3.52801628E+1,7.46271789E-1,
953.12500,2.50000000E+1,3.52584114E+1,-2.05168223E+0,
955.078130,3.50000000E+1,3.52367020E+1,-4.00099345E-2,
957.031250,3.80000000E+1,3.52150421E+1,4.51779842E-1,
958.984380,4.20000000E+1,3.51934242E+1,1.05027747E+0,
960.937500,3.60000000E+1,3.51718521E+1,1.38024643E-1,
962.890630,3.70000000E+1,3.51503258E+1,3.04084569E-1,
964.843750,2.90000000E+1,3.51288452E+1,-1.13809800E+0,
966.796880,3.70000000E+1,3.51074066E+1,3.11140448E-1,
968.7500,3.10000000E+1,3.50860176E+1,-7.33870387E-1,
970.703130,5.30000000E+1,3.50646667E+1,2.46360755E+0,
972.656250,3.70000000E+1,3.50433655E+1,3.21668744E-1,
974.609380,4.60000000E+1,3.50221062E+1,1.61860216E+0,
976.562500,4.00000000E+1,3.50008926E+1,7.90428281E-1,
978.515630,5.30000000E+1,3.49797211E+1,2.47527575E+0,
980.468750,4.40000000E+1,3.49585953E+1,1.36304307E+0,
982.421880,4.50000000E+1,3.49375153E+1,1.50002670E+0,
984.37500,4.40000000E+1,3.49164734E+1,1.36939323E+0,
986.328130,3.40000000E+1,3.48954811E+1,-1.53573737E-1,
988.281250,3.50000000E+1,3.48745308E+1,2.12081671E-2,
990.234380,3.30000000E+1,3.48536224E+1,-3.22674245E-1,
992.187500,3.60000000E+1,3.48327560E+1,1.94540665E-1,
994.140630,2.80000000E+1,3.48119354E+1,-1.28733480E+0,
996.093750,3.10000000E+1,3.47911606E+1,-6.80912554E-1,
998.046880,3.30000000E+1,3.47704239E+1,-3.08191240E-1,
1000.00,3.10000000E+1,3.47497330E+1,-6.73471928E-1,
1001.953100,3.70000000E+1,3.47290878E+1,3.73335660E-1,
1003.906300,4.20000000E+1,3.47084808E+1,1.12510586E+0,
1005.859400,3.90000000E+1,3.46879196E+1,6.90485477E-1,
1007.812500,3.20000000E+1,3.46674004E+1,-4.71534222E-1,
1009.765600,4.30000000E+1,3.46469231E+1,1.27383232E+0,
1011.718800,2.90000000E+1,3.46264877E+1,-1.04481256E+0,
1013.671900,4.20000000E+1,3.46060944E+1,1.14090443E+0,
1015.625000,4.40000000E+1,3.45857468E+1,1.41925204E+0,
1017.578100,3.20000000E+1,3.45654373E+1,-4.53509539E-1,
1019.531300,3.60000000E+1,3.45451736E+1,2.42471054E-1,
1021.484400,3.50000000E+1,3.45249519E+1,8.02977756E-2,
1023.437500,4.20000000E+1,3.45047684E+1,1.15653932E+0,
1025.390600,3.80000000E+1,3.44846306E+1,5.70268214E-1,
1027.343800,3.30000000E+1,3.44645348E+1,-2.54942775E-1,
1029.296900,3.70000000E+1,3.44444809E+1,4.20124769E-1,
1031.25000,4.40000000E+1,3.44244652E+1,1.44356620E+0,
1033.203100,3.50000000E+1,3.44044952E+1,1.00658678E-1,
1035.156300,3.90000000E+1,3.43845634E+1,7.39061356E-1,
1037.109400,3.50000000E+1,3.43646736E+1,1.07389763E-1,
1039.062500,3.60000000E+1,3.43448257E+1,2.75862366E-1,
1041.015600,3.30000000E+1,3.43250198E+1,-2.30656356E-1,
1042.968800,3.40000000E+1,3.43052559E+1,-5.23509532E-2,
1044.921900,4.10000000E+1,3.42855301E+1,1.04862404E+0,
1046.875000,3.60000000E+1,3.42658463E+1,2.89025635E-1,
1048.828100,3.70000000E+1,3.42462044E+1,4.52721208E-1,
1050.781300,3.10000000E+1,3.42266006E+1,-5.79514563E-1,
1052.734400,4.20000000E+1,3.42070389E+1,1.20248008E+0,
1054.687500,3.70000000E+1,3.41875191E+1,4.62369025E-1,
1056.640600,4.30000000E+1,3.41680412E+1,1.34686112E+0,
1058.593800,3.80000000E+1,3.41486015E+1,6.24779344E-1,
1060.546900,3.00000000E+1,3.41292000E+1,-7.53885329E-1,
1062.5000,4.30000000E+1,3.41098404E+1,1.35573661E+0,
1064.453100,3.60000000E+1,3.40905228E+1,3.18246216E-1,
1066.406300,3.50000000E+1,3.40712433E+1,1.56988531E-1,
1068.359400,3.50000000E+1,3.40520058E+1,1.60240278E-1,
1070.312500,2.70000000E+1,3.40328064E+1,-1.35346425E+0,
1072.265600,2.60000000E+1,3.40136452E+1,-1.57160521E+0,
1074.218800,4.60000000E+1,3.39945259E+1,1.77011061E+0,
1076.171900,4.20000000E+1,3.39754486E+1,1.23821521E+0,
1078.125000,3.30000000E+1,3.39564056E+1,-1.66488856E-1,
1080.078100,3.70000000E+1,3.39374084E+1,5.03486931E-1,
1082.031300,3.40000000E+1,3.39184456E+1,1.39864665E-2,
1083.984400,2.60000000E+1,3.38995247E+1,-1.54922426E+0,
1085.937500,3.20000000E+1,3.38806419E+1,-3.32453668E-1,
1087.890600,3.00000000E+1,3.38617973E+1,-7.05064535E-1,
1089.843800,3.00000000E+1,3.38429947E+1,-7.01631665E-1,
1091.796900,3.60000000E+1,3.38242264E+1,3.62628937E-1,
1093.75000,4.10000000E+1,3.38055000E+1,1.12359214E+0,
1095.703100,3.60000000E+1,3.37868118E+1,3.68864685E-1,
1097.656300,2.80000000E+1,3.37681656E+1,-1.09008086E+0,
1099.609400,2.90000000E+1,3.37495537E+1,-8.81969988E-1,
1101.562500,4.20000000E+1,3.37309837E+1,1.27593696E+0,
1103.515600,3.20000000E+1,3.37124481E+1,-3.02720934E-1,
1105.468800,3.50000000E+1,3.36939545E+1,2.20761985E-1,
1107.421900,3.40000000E+1,3.36754990E+1,5.56514673E-2,
1109.375000,2.40000000E+1,3.36570816E+1,-1.97124350E+0,
1111.328100,3.70000000E+1,3.36387024E+1,5.52593946E-1,
1113.281300,4.00000000E+1,3.36203575E+1,1.00871003E+0,
1115.234400,4.30000000E+1,3.36020546E+1,1.43317318E+0,
1117.187500,4.20000000E+1,3.35837898E+1,1.29864943E+0,
1119.140600,3.30000000E+1,3.35655594E+1,-9.84512568E-2,
1121.093800,3.50000000E+1,3.35473709E+1,2.45539129E-1,
1123.046900,3.80000000E+1,3.35292168E+1,7.25256801E-1,
1125.000,2.90000000E+1,3.35111008E+1,-8.37690353E-1,
1126.953100,3.40000000E+1,3.34930267E+1,8.69451985E-2,
1128.906300,3.50000000E+1,3.34749870E+1,2.57774234E-1,
1130.859400,3.30000000E+1,3.34569855E+1,-7.95509592E-2,
1132.812500,4.70000000E+1,3.34390182E+1,1.97807240E+0,
1134.765600,4.10000000E+1,3.34210892E+1,1.18362701E+0,
1136.718800,3.80000000E+1,3.34031982E+1,7.45699704E-1,
1138.671900,3.80000000E+1,3.33853455E+1,7.48595834E-1,
1140.625000,3.60000000E+1,3.33675308E+1,4.38744873E-1,
1142.578100,4.10000000E+1,3.33497505E+1,1.19476819E+0,
1144.531300,2.90000000E+1,3.33320084E+1,-8.04433763E-1,
1146.484400,4.00000000E+1,3.33143005E+1,1.05710196E+0,
1148.437500,2.60000000E+1,3.32966309E+1,-1.43098712E+0,
1150.390600,2.80000000E+1,3.32789993E+1,-9.97637093E-1,
1152.343800,3.00000000E+1,3.32614021E+1,-5.95447838E-1,
1154.296900,3.30000000E+1,3.32438431E+1,-4.24476303E-2,
1156.25000,4.70000000E+1,3.32263184E+1,2.00909781E+0,
1158.203100,3.90000000E+1,3.32088318E+1,9.27329063E-1,
1160.156300,4.40000000E+1,3.31913834E+1,1.62946033E+0,
1162.109400,2.70000000E+1,3.31739655E+1,-1.18818021E+0,
1164.062500,2.90000000E+1,3.31565895E+1,-7.71859288E-1,
1166.015600,3.20000000E+1,3.31392441E+1,-2.01391801E-1,
1167.968800,3.50000000E+1,3.31219406E+1,3.17449987E-1,
1169.921900,3.50000000E+1,3.31046677E+1,3.20369631E-1,
1171.875000,3.60000000E+1,3.30874329E+1,4.85427856E-1,
1173.828100,3.90000000E+1,3.30702362E+1,9.49522138E-1,
1175.781300,2.80000000E+1,3.30530701E+1,-9.54940498E-1,
1177.734400,3.50000000E+1,3.30359421E+1,3.31986398E-1,
1179.687500,4.10000000E+1,3.30188484E+1,1.24644649E+0,
1181.640600,2.30000000E+1,3.30017929E+1,-2.08551812E+0,
1183.593800,3.80000000E+1,3.29847717E+1,8.13577473E-1,
1185.546900,3.70000000E+1,3.29677849E+1,6.62892103E-1,
1187.5000,2.10000000E+1,3.29508324E+1,-2.60788536E+0,
1189.453100,3.40000000E+1,3.29339142E+1,1.82832211E-1,
1191.406300,3.20000000E+1,3.29170341E+1,-1.62110269E-1,
1193.359400,3.90000000E+1,3.29001884E+1,9.76751566E-1,
1195.312500,2.60000000E+1,3.28833771E+1,-1.34994137E+0,
1197.265600,2.30000000E+1,3.28666000E+1,-2.05732846E+0,
1199.218800,3.50000000E+1,3.28498573E+1,3.63440454E-1,
1201.171900,2.50000000E+1,3.28331528E+1,-1.56663048E+0,
1203.125000,2.70000000E+1,3.28164787E+1,-1.11938190E+0,
1205.078100,4.70000000E+1,3.27998390E+1,2.07130623E+0,
1207.031300,3.30000000E+1,3.27832375E+1,3.77335176E-2,
1208.984400,3.50000000E+1,3.27666664E+1,3.77502292E-1,
1210.937500,4.80000000E+1,3.27501335E+1,2.20112872E+0,
1212.890600,3.50000000E+1,3.27336311E+1,3.83086264E-1,
1214.843800,2.40000000E+1,3.27171669E+1,-1.77938426E+0,
1216.796900,3.80000000E+1,3.27007332E+1,8.59654605E-1,
1218.75000,3.50000000E+1,3.26843338E+1,3.91419023E-1,
1220.703100,4.00000000E+1,3.26679726E+1,1.15929532E+0,
1222.656300,3.50000000E+1,3.26516418E+1,3.96944970E-1,
1224.609400,4.30000000E+1,3.26353455E+1,1.58059502E+0,
1226.562500,2.40000000E+1,3.26190834E+1,-1.75936306E+0,
1228.515600,3.10000000E+1,3.26028519E+1,-2.87880689E-1,
1230.468800,3.20000000E+1,3.25866585E+1,-1.03707545E-1,
1232.421900,4.00000000E+1,3.25704956E+1,1.17470777E+0,
1234.375000,2.60000000E+1,3.25543671E+1,-1.28541720E+0,
1236.328100,2.70000000E+1,3.25382729E+1,-1.06584108E+0,
1238.281300,3.70000000E+1,3.25222092E+1,7.36144304E-1,
1240.234400,3.80000000E+1,3.25061798E+1,8.91215324E-1,
1242.187500,3.40000000E+1,3.24901848E+1,2.58931160E-1,
1244.140600,4.40000000E+1,3.24742241E+1,1.73757613E+0,
1246.093800,3.20000000E+1,3.24582939E+1,-8.10156837E-2,
1248.046900,3.20000000E+1,3.24423981E+1,-7.82056674E-2,
1250.00,4.40000000E+1,3.24265366E+1,1.74476528E+0,
1251.953100,3.50000000E+1,3.24107056E+1,4.37670648E-1,
1253.906300,4.10000000E+1,3.23949051E+1,1.34389007E+0,
1255.859400,3.50000000E+1,3.23791428E+1,4.43005741E-1,
1257.812500,4.70000000E+1,3.23634109E+1,2.13496590E+0,
1259.765600,3.90000000E+1,3.23477097E+1,1.06521893E+0,
1261.718800,2.70000000E+1,3.23320427E+1,-1.02615213E+0,
1263.671900,3.30000000E+1,3.23164101E+1,1.18997738E-1,
1265.625000,3.40000000E+1,3.23008080E+1,2.91409045E-1,
1267.578100,2.40000000E+1,3.22852364E+1,-1.69121683E+0,
1269.531300,3.30000000E+1,3.22696991E+1,1.27129078E-1,
1271.484400,3.60000000E+1,3.22541924E+1,6.24301255E-1,
1273.437500,2.70000000E+1,3.22387199E+1,-1.00819218E+0,
1275.390600,2.50000000E+1,3.22232780E+1,-1.44465554E+0,
1277.343800,3.20000000E+1,3.22078705E+1,-3.67466584E-2,
1279.296900,3.30000000E+1,3.21924934E+1,1.40568852E-1,
1281.25000,3.80000000E+1,3.21771469E+1,9.44591522E-1,
1283.203100,3.10000000E+1,3.21618309E+1,-2.08670989E-1,
1285.156300,4.50000000E+1,3.21465492E+1,1.91607928E+0,
1287.109400,3.70000000E+1,3.21313019E+1,8.00409079E-1,
1289.062500,3.40000000E+1,3.21160812E+1,3.23089391E-1,
1291.015600,3.70000000E+1,3.21008949E+1,8.05407941E-1,
1292.968800,2.70000000E+1,3.20857391E+1,-9.78750944E-1,
1294.921900,3.60000000E+1,3.20706139E+1,6.54897690E-1,
1296.875000,3.40000000E+1,3.20555191E+1,3.33475709E-1,
1298.828100,3.60000000E+1,3.20404587E+1,6.59923553E-1,
1300.781300,3.60000000E+1,3.20254288E+1,6.62428558E-1,
1302.734400,3.00000000E+1,3.20104294E+1,-3.67052525E-1,
1304.687500,3.40000000E+1,3.19954605E+1,3.43775690E-1,
1306.640600,4.10000000E+1,3.19805222E+1,1.40860581E+0,
1308.593800,3.70000000E+1,3.19656143E+1,8.27647924E-1,
1310.546900,3.30000000E+1,3.19507389E+1,1.82652920E-1,
1312.5000,3.10000000E+1,3.19358940E+1,-1.68091521E-1,
1314.453100,3.30000000E+1,3.19210796E+1,1.87815934E-1,
1316.406300,3.20000000E+1,3.19062958E+1,1.65647231E-2,
1318.359400,3.40000000E+1,3.18915443E+1,3.61597151E-1,
1320.312500,3.30000000E+1,3.18768215E+1,1.95520282E-1,
1322.265600,2.40000000E+1,3.18621292E+1,-1.60485041E+0,
1324.218800,3.40000000E+1,3.18474674E+1,3.69156301E-1,
1326.171900,3.90000000E+1,3.18328362E+1,1.14766467E+0,
1328.125000,2.60000000E+1,3.18182354E+1,-1.14104986E+0,
1330.078100,4.00000000E+1,3.18036652E+1,1.29595435E+0,
1332.031300,4.10000000E+1,3.17891235E+1,1.43849719E+0,
1333.984400,3.40000000E+1,3.17746124E+1,3.81650835E-1,
1335.937500,4.00000000E+1,3.17601337E+1,1.30283725E+0,
1337.890600,3.30000000E+1,3.17456837E+1,2.18348444E-1,
1339.843800,2.90000000E+1,3.17312622E+1,-5.07182658E-1,
1341.796900,3.10000000E+1,3.17168732E+1,-1.28754213E-1,
1343.75000,3.60000000E+1,3.17025108E+1,7.16248214E-1,
1345.703100,2.60000000E+1,3.16881809E+1,-1.11554408E+0,
1347.656300,2.50000000E+1,3.16738796E+1,-1.33477592E+0,
1349.609400,3.50000000E+1,3.16596069E+1,5.64629495E-1,
1351.562500,3.90000000E+1,3.16453648E+1,1.17768419E+0,
1353.515600,2.50000000E+1,3.16311531E+1,-1.32623065E+0,
1355.468800,3.20000000E+1,3.16169701E+1,6.77107647E-2,
1357.421900,3.80000000E+1,3.16028156E+1,1.03776038E+0,
1359.375000,3.40000000E+1,3.15886917E+1,4.13535953E-1,
1361.328100,2.80000000E+1,3.15745964E+1,-6.75535262E-1,
1363.281300,2.10000000E+1,3.15605297E+1,-2.30449653E+0,
1365.234400,3.90000000E+1,3.15464916E+1,1.19351649E+0,
1367.187500,2.70000000E+1,3.15324841E+1,-8.72276962E-1,
1369.140600,4.00000000E+1,3.15185051E+1,1.34104216E+0,
1371.093800,3.40000000E+1,3.15045547E+1,4.27965343E-1,
1373.046900,2.40000000E+1,3.14906349E+1,-1.52901947E+0,
1375.000,2.80000000E+1,3.14767418E+1,-6.57042444E-1,
1376.953100,2.90000000E+1,3.14628792E+1,-4.57345188E-1,
1378.906300,4.50000000E+1,3.14490433E+1,2.02005744E+0,
1380.859400,3.50000000E+1,3.14352379E+1,6.02554798E-1,
1382.812500,3.00000000E+1,3.14214611E+1,-2.59522110E-1,
1384.765600,3.30000000E+1,3.14077110E+1,2.77181923E-1,
1386.718800,2.30000000E+1,3.13939896E+1,-1.75026786E+0,
1388.671900,3.20000000E+1,3.13802986E+1,1.09548762E-1,
1390.625000,2.80000000E+1,3.13666344E+1,-6.36234105E-1,
1392.578100,2.90000000E+1,3.13529987E+1,-4.36940908E-1,
1394.531300,3.50000000E+1,3.13393917E+1,6.18755758E-1,
1396.484400,3.00000000E+1,3.13258133E+1,-2.42059290E-1,
1398.437500,4.00000000E+1,3.13122616E+1,1.37365210E+0,
1400.390600,3.00000000E+1,3.12987385E+1,-2.37116128E-1,
1402.343800,3.90000000E+1,3.12852440E+1,1.23534966E+0,
1404.296900,3.60000000E+1,3.12717762E+1,7.88037300E-1,
1406.25000,2.60000000E+1,3.12583370E+1,-1.03124475E+0,
1408.203100,3.20000000E+1,3.12449265E+1,1.33479401E-1,
1410.156300,2.70000000E+1,3.12315426E+1,-8.14360738E-1,
1412.109400,2.60000000E+1,3.12181873E+1,-1.02337074E+0,
1414.062500,4.20000000E+1,3.12048588E+1,1.66572642E+0,
1416.015600,5.00000000E+1,3.11915588E+1,2.65991521E+0,
1417.968800,3.90000000E+1,3.11782856E+1,1.25247669E+0,
1419.921900,3.30000000E+1,3.11650391E+1,3.19425702E-1,
1421.875000,3.50000000E+1,3.11518211E+1,6.50460958E-1,
1423.828100,4.00000000E+1,3.11386299E+1,1.40110564E+0,
1425.781300,3.30000000E+1,3.11254673E+1,3.26314270E-1,
1427.734400,3.20000000E+1,3.11123314E+1,1.56919122E-1,
1429.687500,3.90000000E+1,3.10992222E+1,1.26513696E+0,
1431.640600,3.10000000E+1,3.10861397E+1,-1.54711427E-2,
1433.593800,2.90000000E+1,3.10730858E+1,-3.84962380E-1,
1435.546900,3.90000000E+1,3.10600586E+1,1.27140820E+0,
1437.5000,3.70000000E+1,3.10470581E+1,9.78657603E-1,
1439.453100,3.60000000E+1,3.10340843E+1,8.27652633E-1,
1441.406300,3.30000000E+1,3.10211372E+1,3.44475806E-1,
1443.359400,2.80000000E+1,3.10082169E+1,-5.68499565E-1,
1445.312500,3.10000000E+1,3.09953232E+1,8.39981425E-4,
1447.265600,2.40000000E+1,3.09824562E+1,-1.42528796E+0,
1449.218800,3.60000000E+1,3.09696159E+1,8.38397324E-1,
1451.171900,3.80000000E+1,3.09568043E+1,1.14255726E+0,
1453.125000,2.20000000E+1,3.09440155E+1,-1.90687048E+0,
1455.078100,2.80000000E+1,3.09312553E+1,-5.53955197E-1,
1457.031300,2.90000000E+1,3.09185219E+1,-3.56260568E-1,
1458.984400,3.50000000E+1,3.09058151E+1,6.92043543E-1,
1460.937500,3.20000000E+1,3.08931332E+1,1.95668265E-1,
1462.890600,3.60000000E+1,3.08804779E+1,8.53253663E-1,
1464.843800,3.20000000E+1,3.08678493E+1,2.00137854E-1,
1466.796900,3.60000000E+1,3.08552456E+1,8.57459068E-1,
1468.75000,3.00000000E+1,3.08426704E+1,-1.53849870E-1,
1470.703100,3.60000000E+1,3.08301201E+1,8.61646652E-1,
1472.656300,2.00000000E+1,3.08175945E+1,-2.41888762E+0,
1474.609400,2.30000000E+1,3.08050957E+1,-1.62747502E+0,
1476.562500,3.00000000E+1,3.07926216E+1,-1.44712254E-1,
1478.515600,3.30000000E+1,3.07801743E+1,3.86422068E-1,
1480.468800,2.90000000E+1,3.07677536E+1,-3.28263611E-1,
1482.421900,3.80000000E+1,3.07553577E+1,1.17523623E+0,
1484.375000,2.90000000E+1,3.07429886E+1,-3.23664844E-1,
1486.328100,3.30000000E+1,3.07306442E+1,3.95044148E-1,
1488.281300,3.30000000E+1,3.07183266E+1,3.97188365E-1,
1490.234400,2.70000000E+1,3.07060318E+1,-7.13226140E-1,
1492.187500,3.70000000E+1,3.06937637E+1,1.03673887E+0,
1494.140600,3.60000000E+1,3.06815224E+1,8.86412919E-1,
1496.093800,3.50000000E+1,3.06693058E+1,7.32020915E-1,
1498.046900,3.60000000E+1,3.06571140E+1,8.90480995E-1,
1500.00,3.20000000E+1,3.06449471E+1,2.39541784E-1,
1501.953100,3.90000000E+1,3.06328068E+1,1.33982325E+0,
1503.906300,2.80000000E+1,3.06206894E+1,-4.95263755E-1,
1505.859400,4.10000000E+1,3.06085987E+1,1.62286425E+0,
1507.812500,3.40000000E+1,3.05965328E+1,5.83689809E-1,
1509.765600,2.80000000E+1,3.05844917E+1,-4.88423049E-1,
1511.718800,2.90000000E+1,3.05724754E+1,-2.92001367E-1,
1513.671900,3.20000000E+1,3.05604858E+1,2.54472554E-1,
1515.625000,3.20000000E+1,3.05485191E+1,2.56587982E-1,
1517.578100,3.10000000E+1,3.05365772E+1,8.32331851E-2,
1519.531300,2.10000000E+1,3.05246601E+1,-2.07845116E+0,
1521.484400,2.10000000E+1,3.05127678E+1,-2.07585621E+0,
1523.437500,4.30000000E+1,3.05009003E+1,1.90609479E+0,
1525.390600,3.60000000E+1,3.04890575E+1,9.18490410E-1,
1527.343800,2.50000000E+1,3.04772396E+1,-1.09544790E+0,
1529.296900,2.80000000E+1,3.04654465E+1,-4.65925604E-1,
1531.25000,3.10000000E+1,3.04536762E+1,9.81226489E-2,
1533.203100,3.70000000E+1,3.04419308E+1,1.07813990E+0,
1535.156300,4.40000000E+1,3.04302101E+1,2.04572272E+0,
1537.109400,3.40000000E+1,3.04185143E+1,6.14219725E-1,
1539.062500,2.00000000E+1,3.04068413E+1,-2.32704043E+0,
1541.015600,3.10000000E+1,3.03951912E+1,1.08626865E-1,
1542.968800,3.10000000E+1,3.03835678E+1,1.10714488E-1,
1544.921900,2.30000000E+1,3.03719673E+1,-1.53716147E+0,
1546.875000,2.60000000E+1,3.03603916E+1,-8.55143189E-1,
1548.828100,3.00000000E+1,3.03488388E+1,-6.36889637E-2,
1550.781300,2.90000000E+1,3.03373108E+1,-2.48332381E-1,
1552.734400,2.40000000E+1,3.03258076E+1,-1.29125011E+0,
1554.687500,2.80000000E+1,3.03143272E+1,-4.37366754E-1,
1556.640600,2.90000000E+1,3.03028698E+1,-2.41936848E-1,
1558.593800,3.20000000E+1,3.02914371E+1,3.02034080E-1,
1560.546900,3.00000000E+1,3.02800274E+1,-5.11257723E-2,
1562.5000,3.30000000E+1,3.02686424E+1,4.75468338E-1,
1564.453100,3.00000000E+1,3.02572803E+1,-4.69727516E-2,
1566.406300,2.90000000E+1,3.02459412E+1,-2.31365472E-1,
1568.359400,3.90000000E+1,3.02346268E+1,1.40358305E+0,
1570.312500,3.00000000E+1,3.02233353E+1,-4.07752544E-2,
1572.265600,3.30000000E+1,3.02120667E+1,4.85316902E-1,
1574.218800,3.10000000E+1,3.02008209E+1,1.43536791E-1,
1576.171900,3.50000000E+1,3.01896000E+1,8.13106000E-1,
1578.125000,2.80000000E+1,3.01784019E+1,-4.11679268E-1,
1580.078100,3.40000000E+1,3.01672249E+1,6.57315493E-1,
1582.031300,3.90000000E+1,3.01560745E+1,1.41616142E+0,
1583.984400,3.60000000E+1,3.01449451E+1,9.75842476E-1,
1585.937500,3.60000000E+1,3.01338387E+1,9.77693558E-1,
1587.890600,3.20000000E+1,3.01227570E+1,3.31852823E-1,
1589.843800,2.70000000E+1,3.01116962E+1,-5.98846197E-1,
1591.796900,3.30000000E+1,3.01006584E+1,5.04710615E-1,
1593.75000,2.90000000E+1,3.00896454E+1,-2.02342063E-1,
1595.703100,2.40000000E+1,3.00786533E+1,-1.24079990E+0,
1597.656300,3.00000000E+1,3.00676842E+1,-1.23573830E-2,
1599.609400,2.00000000E+1,3.00567398E+1,-2.24875546E+0,
1601.562500,4.10000000E+1,3.00458145E+1,1.71075630E+0,
1603.515600,2.20000000E+1,3.00349159E+1,-1.71304989E+0,
1605.468800,3.30000000E+1,3.00240364E+1,5.18048763E-1,
1607.421900,2.80000000E+1,3.00131798E+1,-3.80455226E-1,
1609.375000,4.20000000E+1,3.00023479E+1,1.85127795E+0,
1611.328100,3.60000000E+1,2.99915371E+1,1.00141048E+0,
1613.281300,3.50000000E+1,2.99807491E+1,8.48408222E-1,
1615.234400,2.40000000E+1,2.99699821E+1,-1.21861756E+0,
1617.187500,2.90000000E+1,2.99592400E+1,-1.78126395E-1,
1619.140600,2.60000000E+1,2.99485168E+1,-7.74367869E-1,
1621.093800,3.60000000E+1,2.99378185E+1,1.01036358E+0,
1623.046900,2.70000000E+1,2.99271412E+1,-5.63328564E-1,
1625.000,3.40000000E+1,2.99164867E+1,7.00316727E-1,
1626.953100,3.30000000E+1,2.99058533E+1,5.38621843E-1,
1628.906300,2.20000000E+1,2.98952427E+1,-1.68327141E+0,
1630.859400,2.80000000E+1,2.98846531E+1,-3.56165975E-1,
1632.812500,3.00000000E+1,2.98740864E+1,2.29885764E-2,
1634.765600,3.20000000E+1,2.98635426E+1,3.77675891E-1,
1636.718800,3.00000000E+1,2.98530197E+1,2.68348064E-2,
1638.671900,3.70000000E+1,2.98425179E+1,1.17668283E+0,
1640.625000,3.60000000E+1,2.98320370E+1,1.02799380E+0,
1642.578100,3.10000000E+1,2.98215790E+1,2.11650655E-1,
1644.531300,2.80000000E+1,2.98111420E+1,-3.42273653E-1,
1646.484400,3.20000000E+1,2.98007278E+1,3.88780057E-1,
1648.437500,3.20000000E+1,2.97903347E+1,3.90617341E-1,
1650.390600,3.00000000E+1,2.97799625E+1,4.01731618E-2,
1652.343800,3.20000000E+1,2.97696133E+1,3.94280404E-1,
1654.296900,4.10000000E+1,2.97592831E+1,1.75550497E+0,
1656.25000,2.00000000E+1,2.97489758E+1,-2.17993736E+0,
1658.203100,3.00000000E+1,2.97386894E+1,4.77085672E-2,
1660.156300,3.00000000E+1,2.97284241E+1,4.95827533E-2,
1662.109400,3.20000000E+1,2.97181816E+1,4.03372318E-1,
1664.062500,3.50000000E+1,2.97079582E+1,8.94518316E-1,
1666.015600,3.30000000E+1,2.96977577E+1,5.74846625E-1,
1667.968800,3.10000000E+1,2.96875782E+1,2.35717908E-1,
1669.921900,2.70000000E+1,2.96774197E+1,-5.15269637E-1,
1671.875000,3.10000000E+1,2.96672802E+1,2.39363536E-1,
1673.828100,4.40000000E+1,2.96571636E+1,2.16226387E+0,
1675.781300,2.70000000E+1,2.96470680E+1,-5.09428501E-1,
1677.734400,3.80000000E+1,2.96369934E+1,1.35665882E+0,
1679.687500,2.90000000E+1,2.96269379E+1,-1.16419442E-1,
1681.640600,3.20000000E+1,2.96169052E+1,4.21275616E-1,
1683.593800,2.90000000E+1,2.96068916E+1,-1.12696946E-1,
1685.546900,3.40000000E+1,2.95969009E+1,7.55125284E-1,
1687.5000,2.50000000E+1,2.95869293E+1,-9.17385876E-1,
1689.453100,2.90000000E+1,2.95769787E+1,-1.07142255E-1,
1691.406300,2.80000000E+1,2.95670490E+1,-2.96144426E-1,
1693.359400,3.70000000E+1,2.95571404E+1,1.22359860E+0,
1695.312500,3.10000000E+1,2.95472507E+1,2.60921478E-1,
1697.265600,2.90000000E+1,2.95373821E+1,-9.97893587E-2,
1699.218800,2.50000000E+1,2.95275345E+1,-9.05506909E-1,
1701.171900,2.60000000E+1,2.95177059E+1,-6.89878881E-1,
1703.125000,1.90000000E+1,2.95079002E+1,-2.41067767E+0,
1705.078100,4.00000000E+1,2.94981117E+1,1.66049433E+0,
1707.031300,2.70000000E+1,2.94883461E+1,-4.78882432E-1,
1708.984400,3.70000000E+1,2.94785995E+1,1.23651063E+0,
1710.937500,2.60000000E+1,2.94688721E+1,-6.80301785E-1,
1712.890600,2.10000000E+1,2.94591675E+1,-1.84594166E+0,
1714.843800,2.70000000E+1,2.94494801E+1,-4.71402645E-1,
1716.796900,3.30000000E+1,2.94398155E+1,6.19748592E-1,
1718.75000,3.50000000E+1,2.94301682E+1,9.41473424E-1,
1720.703100,3.40000000E+1,2.94205418E+1,7.85370588E-1,
1722.656300,3.00000000E+1,2.94109364E+1,1.07547820E-1,
1724.609400,2.80000000E+1,2.94013500E+1,-2.64830261E-1,
1726.562500,3.10000000E+1,2.93917847E+1,2.88843989E-1,
1728.515600,3.10000000E+1,2.93822365E+1,2.90558904E-1,
1730.468800,3.40000000E+1,2.93727112E+1,7.93573499E-1,
1732.421900,2.70000000E+1,2.93632050E+1,-4.54798996E-1,
1734.375000,2.90000000E+1,2.93537159E+1,-6.56833947E-2,
1736.328100,2.70000000E+1,2.93442497E+1,-4.51151073E-1,
1738.281300,2.40000000E+1,2.93348007E+1,-1.08896160E+0,
1740.234400,2.70000000E+1,2.93253708E+1,-4.47517812E-1,
1742.187500,3.00000000E+1,2.93159637E+1,1.24887362E-1,
1744.140600,2.90000000E+1,2.93065739E+1,-5.69293387E-2,
1746.093800,2.00000000E+1,2.92972031E+1,-2.07891774E+0,
1748.046900,4.00000000E+1,2.92878532E+1,1.69373918E+0,
1750.00,3.40000000E+1,2.92785206E+1,8.09727013E-1,
1751.953100,2.50000000E+1,2.92692089E+1,-8.53841782E-1,
1753.906300,3.30000000E+1,2.92599163E+1,6.51064992E-1,
1755.859400,3.20000000E+1,2.92506428E+1,4.86022294E-1,
1757.812500,2.50000000E+1,2.92413883E+1,-8.48277628E-1,
1759.765600,2.00000000E+1,2.92321529E+1,-2.06437206E+0,
1761.718800,2.80000000E+1,2.92229366E+1,-2.31113300E-1,
1763.671900,2.60000000E+1,2.92137413E+1,-6.30266547E-1,
1765.625000,3.30000000E+1,2.92045631E+1,6.60700738E-1,
1767.578100,3.50000000E+1,2.91954041E+1,9.81155813E-1,
1769.531300,3.30000000E+1,2.91862640E+1,6.63886249E-1,
1771.484400,3.80000000E+1,2.91771431E+1,1.43125641E+0,
1773.437500,3.50000000E+1,2.91680412E+1,9.85780954E-1,
1775.390600,2.50000000E+1,2.91589584E+1,-8.31791699E-1,
1777.343800,3.30000000E+1,2.91498928E+1,6.70217633E-1,
1779.296900,3.50000000E+1,2.91408463E+1,9.90377724E-1,
1781.25000,3.70000000E+1,2.91318207E+1,1.29352069E+0,
1783.203100,3.70000000E+1,2.91228123E+1,1.29500175E+0,
1785.156300,2.80000000E+1,2.91138229E+1,-2.10492760E-1,
1787.109400,4.10000000E+1,2.91048508E+1,1.85771012E+0,
1789.062500,2.30000000E+1,2.90958977E+1,-1.27108252E+0,
1791.015600,3.00000000E+1,2.90869656E+1,1.66696519E-1,
1792.968800,1.70000000E+1,2.90780487E+1,-2.92935705E+0,
1794.921900,3.80000000E+1,2.90691528E+1,1.44877470E+0,
1796.875000,1.80000000E+1,2.90602741E+1,-2.60693169E+0,
1798.828100,2.70000000E+1,2.90514145E+1,-3.94794911E-1,
1800.781300,3.00000000E+1,2.90425720E+1,1.74801633E-1,
1802.734400,2.70000000E+1,2.90337486E+1,-3.91395122E-1,
1804.687500,3.20000000E+1,2.90249424E+1,5.25920868E-1,
1806.640600,2.20000000E+1,2.90161552E+1,-1.49584937E+0,
1808.593800,3.20000000E+1,2.90073872E+1,5.29024184E-1,
1810.546900,3.80000000E+1,2.89986362E+1,1.46021402E+0,
1812.5000,2.10000000E+1,2.89899044E+1,-1.74354005E+0,
1814.453100,2.30000000E+1,2.89811897E+1,-1.24716425E+0,
1816.406300,3.70000000E+1,2.89724922E+1,1.31971419E+0,
1818.359400,2.70000000E+1,2.89638138E+1,-3.77936155E-1,
1820.312500,2.60000000E+1,2.89551544E+1,-5.79553485E-1,
1822.265600,3.90000000E+1,2.89465122E+1,1.60984647E+0,
1824.218800,2.70000000E+1,2.89378872E+1,-3.72946560E-1,
1826.171900,3.30000000E+1,2.89292793E+1,7.08621502E-1,
1828.125000,2.40000000E+1,2.89206905E+1,-1.00443172E+0,
1830.078100,2.70000000E+1,2.89121208E+1,-3.67987812E-1,
1832.031300,2.90000000E+1,2.89035664E+1,1.79072767E-2,
1833.984400,4.10000000E+1,2.88950310E+1,1.89047849E+0,
1835.937500,3.20000000E+1,2.88865128E+1,5.50391972E-1,
1837.890600,2.80000000E+1,2.88780117E+1,-1.65928617E-1,
1839.843800,3.00000000E+1,2.88695297E+1,2.06394702E-1,
1841.796900,2.70000000E+1,2.88610649E+1,-3.58162105E-1,
1843.75000,1.40000000E+1,2.88526173E+1,-3.96952891E+0,
1845.703100,2.40000000E+1,2.88441868E+1,-9.88815486E-1,
1847.656300,2.50000000E+1,2.88357735E+1,-7.67154694E-1,
1849.609400,2.20000000E+1,2.88273773E+1,-1.45560181E+0,
1851.562500,2.50000000E+1,2.88190002E+1,-7.63800025E-1,
1853.515600,2.50000000E+1,2.88106403E+1,-7.62128055E-1,
1855.468800,2.40000000E+1,2.88022957E+1,-9.80264544E-1,
1857.421900,2.40000000E+1,2.87939701E+1,-9.78565037E-1,
1859.375000,3.80000000E+1,2.87856617E+1,1.49476302E+0,
1861.328100,2.90000000E+1,2.87773705E+1,4.13412675E-2,
1863.281300,3.00000000E+1,2.87690945E+1,2.24731579E-1,
1865.234400,2.90000000E+1,2.87608376E+1,4.44113500E-2,
1867.187500,3.20000000E+1,2.87525978E+1,5.74065030E-1,
1869.140600,3.20000000E+1,2.87443752E+1,5.75518608E-1,
1871.093800,2.70000000E+1,2.87361679E+1,-3.34125668E-1,
1873.046900,2.20000000E+1,2.87279797E+1,-1.43441010E+0,
1875.000,3.90000000E+1,2.87198067E+1,1.64614844E+0,
1876.953100,2.70000000E+1,2.87116528E+1,-3.29407722E-1,
1878.906300,3.00000000E+1,2.87035141E+1,2.36704871E-1,
1880.859400,2.60000000E+1,2.86953926E+1,-5.28609991E-1,
1882.812500,2.70000000E+1,2.86872883E+1,-3.24718773E-1,
1884.765600,3.20000000E+1,2.86791992E+1,5.87040186E-1,
1886.718800,3.00000000E+1,2.86711292E+1,2.42617503E-1,
1888.671900,2.70000000E+1,2.86630745E+1,-3.20058823E-1,
1890.625000,3.30000000E+1,2.86550369E+1,7.56361008E-1,
1892.578100,3.80000000E+1,2.86470146E+1,1.51725459E+0,
1894.531300,3.00000000E+1,2.86390095E+1,2.48481750E-1,
1896.484400,3.20000000E+1,2.86310234E+1,5.95556557E-1,
1898.437500,3.30000000E+1,2.86230507E+1,7.61929095E-1,
1900.390600,2.70000000E+1,2.86150951E+1,-3.10825199E-1,
1902.343800,3.30000000E+1,2.86071568E+1,7.64695883E-1,
1904.296900,2.90000000E+1,2.85992355E+1,7.44200945E-2,
1906.25000,2.90000000E+1,2.85913296E+1,7.58881941E-2,
1908.203100,3.10000000E+1,2.85834408E+1,4.34026837E-1,
1910.156300,2.40000000E+1,2.85755672E+1,-9.33983743E-1,
1912.109400,2.70000000E+1,2.85677109E+1,-3.01706105E-1,
1914.062500,2.30000000E+1,2.85598698E+1,-1.15931296E+0,
1916.015600,3.30000000E+1,2.85520458E+1,7.74289429E-1,
1917.968800,2.60000000E+1,2.85442390E+1,-4.98966336E-1,
1919.921900,4.00000000E+1,2.85364475E+1,1.81254685E+0,
1921.875000,3.70000000E+1,2.85286713E+1,1.39267790E+0,
1923.828100,2.90000000E+1,2.85209122E+1,8.89643729E-2,
1925.781300,3.20000000E+1,2.85131683E+1,6.16390586E-1,
1927.734400,3.80000000E+1,2.85054417E+1,1.54022074E+0,
1929.687500,3.00000000E+1,2.84977303E+1,2.74275690E-1,
1931.640600,2.80000000E+1,2.84900341E+1,-9.26077440E-2,
1933.593800,3.20000000E+1,2.84823551E+1,6.21837616E-1,
1935.546900,3.20000000E+1,2.84746914E+1,6.23192430E-1,
1937.5000,1.90000000E+1,2.84670429E+1,-2.17188859E+0,
1939.453100,2.40000000E+1,2.84594116E+1,-9.10273612E-1,
1941.406300,3.40000000E+1,2.84517956E+1,9.51509237E-1,
1943.359400,2.80000000E+1,2.84441948E+1,-8.39449242E-2,
1945.312500,1.70000000E+1,2.84366112E+1,-2.77378559E+0,
1947.265600,3.70000000E+1,2.84290428E+1,1.40905666E+0,
1949.218800,3.20000000E+1,2.84214897E+1,6.32597208E-1,
1951.171900,3.40000000E+1,2.84139519E+1,9.57999349E-1,
1953.125000,1.70000000E+1,2.84064293E+1,-2.76646543E+0,
1955.078100,3.70000000E+1,2.83989220E+1,1.41400850E+0,
1957.031300,2.30000000E+1,2.83914318E+1,-1.12419128E+0,
1958.984400,2.70000000E+1,2.83839569E+1,-2.66342640E-1,
1960.937500,2.60000000E+1,2.83764973E+1,-4.66069460E-1,
1962.890600,3.70000000E+1,2.83690529E+1,1.41891897E+0,
1964.843800,3.30000000E+1,2.83616238E+1,8.07437658E-1,
1966.796900,3.10000000E+1,2.83542099E+1,4.75197911E-1,
1968.75000,2.50000000E+1,2.83468113E+1,-6.69362247E-1,
1970.703100,2.90000000E+1,2.83394279E+1,1.22665152E-1,
1972.656300,2.70000000E+1,2.83320618E+1,-2.56355405E-1,
1974.609400,3.40000000E+1,2.83247089E+1,9.73304391E-1,
1976.562500,2.80000000E+1,2.83173714E+1,-5.99775538E-2,
1978.515600,3.90000000E+1,2.83100491E+1,1.71176207E+0,
1980.468800,2.60000000E+1,2.83027420E+1,-4.51604873E-1,
1982.421900,2.90000000E+1,2.82954502E+1,1.30831614E-1,
1984.375000,3.70000000E+1,2.82881737E+1,1.43221545E+0,
1986.328100,3.30000000E+1,2.82809124E+1,8.21487725E-1,
1988.281300,4.10000000E+1,2.82736664E+1,1.98751938E+0,
1990.234400,4.30000000E+1,2.82664337E+1,2.24684787E+0,
1992.187500,2.80000000E+1,2.82592182E+1,-4.89876382E-2,
1994.140600,2.80000000E+1,2.82520161E+1,-4.76265624E-2,
1996.093800,3.30000000E+1,2.82448292E+1,8.27768981E-1,
1998.046900,2.10000000E+1,2.82376575E+1,-1.57938635E+0,
