AD2-fit data

Labels,AD2,AD2F2,AD2F2R,
Type,Time Scan,Exponential Fit Time Scan,Weighted Residuals Time Scan,
Comment,,,,
Start,0.00,82.031250,82.031250,
Stop,1998.046900,1998.046900,1998.046900,
Step,1.9531250,1.9531250,1.9531250,
Fixed/Offset, , , ,
XAxis,Time(ns),Time,Time,
YAxis,Counts (a.u.),Counts (a.u.),Counts (a.u.),
Chi2,,1.2890086,,
dt,,,,
dtErr,,,,
A,,3.71550,,
Tau1,,13.696225,,
Tau2,,92.605807,,
Tau3,,,,
Tau4,,,,
B1,,21.927227,,
B2,,8.8885117,,
B3,,,,
B4,,,,
Tau1Err,,4.6241838,,
Tau2Err,,19.896684,,
Tau3Err,,,,
Tau4Err,,,,
B1Err,,4.4270334,,
B2Err,,2.5419269,,
B3Err,,,,
B4Err,,,,
TauAvInt,,71.511686,,
TauAvAmp,,36.456954,,
TauAvIntErr,,19.117648,,
TauAvAmpErr,,8.7124323,,

0.00,0.00000000E+0, , ,
1.9531250,0.00000000E+0, , ,
3.906250,0.00000000E+0, , ,
5.8593750,0.00000000E+0, , ,
7.81250,0.00000000E+0, , ,
9.7656250,0.00000000E+0, , ,
11.718750,0.00000000E+0, , ,
13.671875,0.00000000E+0, , ,
15.6250,0.00000000E+0, , ,
17.578125,0.00000000E+0, , ,
19.531250,0.00000000E+0, , ,
21.484375,0.00000000E+0, , ,
23.43750,0.00000000E+0, , ,
25.390625,0.00000000E+0, , ,
27.343750,0.00000000E+0, , ,
29.296875,0.00000000E+0, , ,
31.250,0.00000000E+0, , ,
33.203125,0.00000000E+0, , ,
35.156250,0.00000000E+0, , ,
37.109375,0.00000000E+0, , ,
39.06250,0.00000000E+0, , ,
41.015625,4.00000000E+0, , ,
42.968750,1.00000000E+1, , ,
44.921875,6.00000000E+0, , ,
46.8750,5.00000000E+0, , ,
48.828125,7.00000000E+0, , ,
50.781250,5.00000000E+0, , ,
52.734375,5.00000000E+0, , ,
54.68750,6.00000000E+0, , ,
56.640625,6.00000000E+0, , ,
58.593750,5.00000000E+0, , ,
60.546875,4.00000000E+0, , ,
62.50,4.00000000E+0, , ,
64.453125,3.00000000E+0, , ,
66.406250,3.00000000E+0, , ,
68.359375,5.00000000E+0, , ,
70.31250,3.00000000E+0, , ,
72.265625,1.20000000E+1, , ,
74.218750,2.80000000E+1, , ,
76.171875,3.30000000E+1, , ,
78.1250,3.30000000E+1, , ,
80.078125,3.60000000E+1, , ,
82.031250,3.00000000E+1,3.14316139E+1,-2.61375755E-1,
83.984375,2.50000000E+1,2.87231102E+1,-7.44622052E-1,
85.93750,3.20000000E+1,2.63542252E+1,9.98041391E-1,
87.890625,2.10000000E+1,2.42802467E+1,-7.15808511E-1,
89.843750,2.50000000E+1,2.24623947E+1,5.07521033E-1,
91.796875,2.30000000E+1,2.08670368E+1,4.44753557E-1,
93.750,2.90000000E+1,1.94650021E+1,1.77060461E+0,
95.703125,2.40000000E+1,1.82309895E+1,1.17759430E+0,
97.656250,1.90000000E+1,1.71430511E+1,4.26013291E-1,
99.609375,1.60000000E+1,1.61821442E+1,-4.55360413E-2,
101.562500,1.20000000E+1,1.53317547E+1,-9.61794734E-1,
103.515630,9.00000000E+0,1.45775537E+1,-1.85918462E+0,
105.468750,9.00000000E+0,1.39071093E+1,-1.63570309E+0,
107.421880,1.90000000E+1,1.33096313E+1,1.30546010E+0,
109.37500,1.70000000E+1,1.27757616E+1,1.02452826E+0,
111.328130,8.00000000E+0,1.22973757E+1,-1.51935172E+0,
113.281250,1.80000000E+1,1.18674221E+1,1.44546247E+0,
115.234380,1.50000000E+1,1.14797802E+1,9.08916891E-1,
117.187500,1.30000000E+1,1.11291361E+1,5.18884301E-1,
119.140630,1.00000000E+1,1.08108759E+1,-2.56421477E-1,
121.093750,8.00000000E+0,1.05209923E+1,-8.91305387E-1,
123.046880,9.00000000E+0,1.02560043E+1,-4.18668121E-1,
125.00,1.10000000E+1,1.00128889E+1,2.97625184E-1,
126.953130,1.00000000E+1,9.78901577E+0,6.67190701E-2,
128.906250,1.60000000E+1,9.58210182E+0,1.60447454E+0,
130.859380,8.00000000E+0,9.39016056E+0,-4.91495967E-1,
132.812500,7.00000000E+0,9.21146202E+0,-8.35854113E-1,
134.765630,1.20000000E+1,9.04450321E+0,8.53178442E-1,
136.718750,1.30000000E+1,8.88797379E+0,1.14047086E+0,
138.671880,1.50000000E+1,8.74073410E+0,1.61613560E+0,
140.62500,1.00000000E+1,8.60178852E+0,4.42153305E-1,
142.578130,1.00000000E+1,8.47027111E+0,4.83742744E-1,
144.531250,1.20000000E+1,8.34542465E+0,1.05498505E+0,
146.484380,8.00000000E+0,8.22658825E+0,-8.01110417E-2,
148.437500,1.10000000E+1,8.11318398E+0,8.70407820E-1,
150.390630,9.00000000E+0,8.00470638E+0,3.31764549E-1,
152.343750,1.50000000E+1,7.90071106E+0,1.83302855E+0,
154.296880,5.00000000E+0,7.80081177E+0,-1.25256109E+0,
156.2500,8.00000000E+0,7.70466518E+0,1.04416624E-1,
158.203130,1.10000000E+1,7.61197186E+0,1.02152896E+0,
160.156250,5.00000000E+0,7.52246857E+0,-1.12808228E+0,
162.109380,4.00000000E+0,7.43592072E+0,-1.71796036E+0,
164.062500,8.00000000E+0,7.35212231E+0,2.29059353E-1,
166.015630,1.00000000E+1,7.27089071E+0,8.63020122E-1,
167.968750,2.00000000E+0,7.19206381E+0,-3.67134356E+0,
169.921880,5.00000000E+0,7.11549664E+0,-9.46078837E-1,
171.87500,8.00000000E+0,7.04106140E+0,3.39035988E-1,
173.828130,7.00000000E+0,6.96864128E+0,1.18524823E-2,
175.781250,9.00000000E+0,6.89813375E+0,7.00622082E-1,
177.734380,1.40000000E+1,6.82944536E+0,1.91641140E+0,
179.687500,1.50000000E+1,6.76249218E+0,2.12691545E+0,
181.640630,9.00000000E+0,6.69719696E+0,7.67601013E-1,
183.593750,6.00000000E+0,6.63349152E+0,-2.58621842E-1,
185.546880,7.00000000E+0,6.57131195E+0,1.62028849E-1,
187.500,8.00000000E+0,6.51060104E+0,5.26582062E-1,
189.453130,8.00000000E+0,6.45130444E+0,5.47546566E-1,
191.406250,1.20000000E+1,6.39337349E+0,1.61849368E+0,
193.359380,5.00000000E+0,6.33676338E+0,-5.97818792E-1,
195.312500,6.00000000E+0,6.28143024E+0,-1.14893422E-1,
197.265630,1.00000000E+1,6.22733545E+0,1.19302130E+0,
199.218750,6.00000000E+0,6.17444229E+0,-7.12157711E-2,
201.171880,9.00000000E+0,6.12271547E+0,9.59094822E-1,
203.12500,1.50000000E+1,6.07212257E+0,2.30516815E+0,
205.078130,4.00000000E+0,6.02263308E+0,-1.01131654E+0,
207.031250,5.00000000E+0,5.97421741E+0,-4.35683280E-1,
208.984380,8.00000000E+0,5.92684746E+0,7.32970119E-1,
210.937500,1.10000000E+1,5.88049698E+0,1.54358828E+0,
212.890630,1.00000000E+1,5.83514071E+0,1.31704414E+0,
214.843750,6.00000000E+0,5.79075432E+0,8.54241922E-2,
216.796880,6.00000000E+0,5.74731398E+0,1.03158638E-1,
218.7500,6.00000000E+0,5.70479774E+0,1.20515816E-1,
220.703130,1.20000000E+1,5.66318369E+0,1.82928133E+0,
222.656250,3.00000000E+0,5.62245131E+0,-1.51407301E+0,
224.609380,4.00000000E+0,5.58258057E+0,-7.91290283E-1,
226.562500,5.00000000E+0,5.54355145E+0,-2.43083596E-1,
228.515630,5.00000000E+0,5.50534534E+0,-2.25997314E-1,
230.468750,4.00000000E+0,5.46794415E+0,-7.33972073E-1,
232.421880,1.00000000E+1,5.43133020E+0,1.44474030E+0,
234.37500,5.00000000E+0,5.39548588E+0,-1.76866665E-1,
236.328130,7.00000000E+0,5.36039400E+0,6.19712830E-1,
238.281250,5.00000000E+0,5.32603931E+0,-1.45809218E-1,
240.234380,2.00000000E+0,5.29240465E+0,-2.32808161E+0,
242.187500,3.00000000E+0,5.25947523E+0,-1.30450869E+0,
244.140630,7.00000000E+0,5.22723579E+0,6.70041919E-1,
246.093750,5.00000000E+0,5.19567156E+0,-8.75069797E-2,
248.046880,9.00000000E+0,5.16476822E+0,1.27841055E+0,
250.00,6.00000000E+0,5.13451147E+0,3.53334218E-1,
251.953130,8.00000000E+0,5.10488796E+0,1.02357674E+0,
253.906250,8.00000000E+0,5.07588387E+0,1.03383112E+0,
255.859380,5.00000000E+0,5.04748631E+0,-2.12365221E-2,
257.812500,6.00000000E+0,5.01968241E+0,4.00212973E-1,
259.765630,3.00000000E+0,4.99245930E+0,-1.15034688E+0,
261.718750,5.00000000E+0,4.96580553E+0,1.52922319E-2,
263.671880,8.00000000E+0,4.93970871E+0,1.08197641E+0,
265.62500,8.00000000E+0,4.91415691E+0,1.09101033E+0,
267.578130,7.00000000E+0,4.88913870E+0,7.97830582E-1,
269.531250,7.00000000E+0,4.86464310E+0,8.07089090E-1,
271.484380,9.00000000E+0,4.84065914E+0,1.38644695E+0,
273.437500,2.00000000E+0,4.81717634E+0,-1.99204445E+0,
275.390630,4.00000000E+0,4.79418373E+0,-3.97091866E-1,
277.343750,6.00000000E+0,4.77167082E+0,5.01463294E-1,
279.296880,2.00000000E+0,4.74962807E+0,-1.94428062E+0,
281.2500,5.00000000E+0,4.72804594E+0,1.21621557E-1,
283.203130,6.00000000E+0,4.70691395E+0,5.27900159E-1,
285.156250,8.00000000E+0,4.68622351E+0,1.17159688E+0,
287.109380,6.00000000E+0,4.66596508E+0,5.44617474E-1,
289.062500,8.00000000E+0,4.64612913E+0,1.18577242E+0,
291.015630,9.00000000E+0,4.62670755E+0,1.45776415E+0,
292.968750,6.00000000E+0,4.60769081E+0,5.68407834E-1,
294.921880,7.00000000E+0,4.58907175E+0,9.11245227E-1,
296.87500,2.00000000E+0,4.57084084E+0,-1.81785893E+0,
298.828130,8.00000000E+0,4.55299091E+0,1.21870172E+0,
300.781250,3.00000000E+0,4.53551292E+0,-8.86528790E-1,
302.734380,6.00000000E+0,4.51840019E+0,6.04860604E-1,
304.687500,7.00000000E+0,4.50164461E+0,9.44289625E-1,
306.640630,5.00000000E+0,4.48523855E+0,2.30208322E-1,
308.593750,3.00000000E+0,4.46917534E+0,-8.48228812E-1,
310.546880,4.00000000E+0,4.45344687E+0,-2.26723433E-1,
312.500,9.00000000E+0,4.43804693E+0,1.52065098E+0,
314.453130,7.00000000E+0,4.42296839E+0,9.74026442E-1,
316.406250,7.00000000E+0,4.40820456E+0,9.79606628E-1,
318.359380,3.00000000E+0,4.39374876E+0,-8.04681242E-1,
320.312500,5.00000000E+0,4.37959480E+0,2.77453631E-1,
322.265630,5.00000000E+0,4.36573601E+0,2.83651471E-1,
324.218750,2.00000000E+0,4.35216665E+0,-1.66323304E+0,
326.171880,3.00000000E+0,4.33888054E+0,-7.73003042E-1,
328.12500,7.00000000E+0,4.32587147E+0,1.01072562E+0,
330.078130,6.00000000E+0,4.31313419E+0,6.88660085E-1,
332.031250,4.00000000E+0,4.30066252E+0,-1.50331259E-1,
333.984380,4.00000000E+0,4.28845119E+0,-1.44225597E-1,
335.937500,3.00000000E+0,4.27649498E+0,-7.36984730E-1,
337.890630,6.00000000E+0,4.26478767E+0,7.08397448E-1,
339.843750,9.00000000E+0,4.25332546E+0,1.58222485E+0,
341.796880,5.00000000E+0,4.24210167E+0,3.38942438E-1,
343.7500,3.00000000E+0,4.23111296E+0,-7.10783422E-1,
345.703130,5.00000000E+0,4.22035313E+0,3.48668694E-1,
347.656250,4.00000000E+0,4.20981789E+0,-1.04908943E-1,
349.609380,1.10000000E+1,4.19950247E+0,2.05042720E+0,
351.562500,2.00000000E+0,4.18940258E+0,-1.54814136E+0,
353.515630,8.00000000E+0,4.17951298E+0,1.35074615E+0,
355.468750,5.00000000E+0,4.16983032E+0,3.71263176E-1,
357.421880,7.00000000E+0,4.16034937E+0,1.07328713E+0,
359.37500,5.00000000E+0,4.15106630E+0,3.79654706E-1,
361.328130,6.00000000E+0,4.14197731E+0,7.58534610E-1,
363.281250,3.00000000E+0,4.13307762E+0,-6.54182673E-1,
365.234380,6.00000000E+0,4.12436390E+0,7.65725255E-1,
367.187500,6.00000000E+0,4.11583185E+0,7.69208431E-1,
369.140630,7.00000000E+0,4.10747814E+0,1.09327054E+0,
371.093750,5.00000000E+0,4.09929848E+0,4.02805984E-1,
373.046880,7.00000000E+0,4.09128952E+0,1.09938920E+0,
375.00,2.00000000E+0,4.08344793E+0,-1.47322011E+0,
376.953130,6.00000000E+0,4.07576990E+0,7.85563648E-1,
378.906250,1.00000000E+0,4.06825209E+0,-3.06825209E+0,
380.859380,7.00000000E+0,4.06089115E+0,1.11087871E+0,
382.812500,7.00000000E+0,4.05368423E+0,1.11360276E+0,
384.765630,3.00000000E+0,4.04662704E+0,-6.04270399E-1,
386.718750,1.00000000E+1,4.03971767E+0,1.88480675E+0,
388.671880,2.00000000E+0,4.03295231E+0,-1.43751431E+0,
390.62500,1.00000000E+1,4.02632809E+0,1.88904095E+0,
392.578130,7.00000000E+0,4.01984215E+0,1.12639380E+0,
394.531250,3.00000000E+0,4.01349163E+0,-5.85139692E-1,
396.484380,1.00000000E+0,4.00727367E+0,-3.00727367E+0,
398.437500,6.00000000E+0,4.00118542E+0,8.16012621E-1,
400.390630,7.00000000E+0,3.99522400E+0,1.13569856E+0,
402.343750,4.00000000E+0,3.98938727E+0,5.30636311E-3,
404.296880,1.00000000E+1,3.98367214E+0,1.90252995E+0,
406.2500,8.00000000E+0,3.97807646E+0,1.42196465E+0,
408.203130,7.00000000E+0,3.97259760E+0,1.14425063E+0,
410.156250,5.00000000E+0,3.96723294E+0,4.61867481E-1,
412.109380,4.00000000E+0,3.96198034E+0,1.90098286E-2,
414.062500,5.00000000E+0,3.95683742E+0,4.66516495E-1,
416.015630,5.00000000E+0,3.95180178E+0,4.68768507E-1,
417.968750,1.00000000E+0,3.94687128E+0,-2.94687128E+0,
419.921880,5.00000000E+0,3.94204354E+0,4.73132521E-1,
421.87500,9.00000000E+0,3.93731666E+0,1.68756115E+0,
423.828130,3.00000000E+0,3.93268824E+0,-5.38487792E-1,
425.781250,4.00000000E+0,3.92815661E+0,3.59216928E-2,
427.734380,4.00000000E+0,3.92371941E+0,3.81402969E-2,
429.687500,6.00000000E+0,3.91937494E+0,8.49411607E-1,
431.640630,1.00000000E+1,3.91512108E+0,1.92420769E+0,
433.593750,7.00000000E+0,3.91095614E+0,1.16754889E+0,
435.546880,1.00000000E+0,3.90687799E+0,-2.90687799E+0,
437.500,7.00000000E+0,3.90288496E+0,1.17059946E+0,
439.453130,1.00000000E+1,3.89897513E+0,1.92931342E+0,
441.406250,7.00000000E+0,3.89514709E+0,1.17352414E+0,
443.359380,5.00000000E+0,3.89139891E+0,4.95781481E-1,
445.312500,7.00000000E+0,3.88772893E+0,1.17632794E+0,
447.265630,8.00000000E+0,3.88413548E+0,1.45517790E+0,
449.218750,4.00000000E+0,3.88061714E+0,5.96914291E-2,
451.171880,6.00000000E+0,3.87717223E+0,8.66640806E-1,
453.12500,3.00000000E+0,3.87379909E+0,-5.04488170E-1,
455.078130,4.00000000E+0,3.87049651E+0,6.47517443E-2,
457.031250,6.00000000E+0,3.86726284E+0,8.70686293E-1,
458.984380,4.00000000E+0,3.86409640E+0,6.79517984E-2,
460.937500,5.00000000E+0,3.86099625E+0,5.09377956E-1,
462.890630,6.00000000E+0,3.85796070E+0,8.74483883E-1,
464.843750,7.00000000E+0,3.85498857E+0,1.18870258E+0,
466.796880,6.00000000E+0,3.85207868E+0,8.76885235E-1,
468.7500,7.00000000E+0,3.84922934E+0,1.19087934E+0,
470.703130,7.00000000E+0,3.84643936E+0,1.19193387E+0,
472.656250,6.00000000E+0,3.84370756E+0,8.80302727E-1,
474.609380,6.00000000E+0,3.84103298E+0,8.81394625E-1,
476.562500,5.00000000E+0,3.83841419E+0,5.19476950E-1,
478.515630,5.00000000E+0,3.83585000E+0,5.20623684E-1,
480.468750,5.00000000E+0,3.83333921E+0,5.21746576E-1,
482.421880,5.00000000E+0,3.83088112E+0,5.22845864E-1,
484.37500,5.00000000E+0,3.82847404E+0,5.23922324E-1,
486.328130,4.00000000E+0,3.82611728E+0,8.69413614E-2,
488.281250,2.00000000E+0,3.82380962E+0,-1.28962815E+0,
490.234380,6.00000000E+0,3.82155037E+0,8.89348328E-1,
492.187500,1.00000000E+0,3.81933808E+0,-2.81933808E+0,
494.140630,5.00000000E+0,3.81717205E+0,5.28976738E-1,
496.093750,4.00000000E+0,3.81505108E+0,9.24744606E-2,
498.046880,5.00000000E+0,3.81297445E+0,5.30853987E-1,
500.00,4.00000000E+0,3.81094122E+0,9.45293903E-2,
501.953130,4.00000000E+0,3.80895042E+0,9.55247879E-2,
503.906250,6.00000000E+0,3.80700111E+0,8.95288050E-1,
505.859380,6.00000000E+0,3.80509257E+0,8.96067202E-1,
507.812500,9.00000000E+0,3.80322385E+0,1.73225868E+0,
509.765630,6.00000000E+0,3.80139399E+0,8.97577167E-1,
511.718750,4.00000000E+0,3.79960251E+0,1.00198746E-1,
513.671880,9.00000000E+0,3.79784822E+0,1.73405063E+0,
515.62500,2.00000000E+0,3.79613066E+0,-1.27005613E+0,
517.578130,3.00000000E+0,3.79444885E+0,-4.58675265E-1,
519.531250,7.00000000E+0,3.79280233E+0,1.21220684E+0,
521.484380,9.00000000E+0,3.79118991E+0,1.73627007E+0,
523.437500,6.00000000E+0,3.78961134E+0,9.02387381E-1,
525.390630,6.00000000E+0,3.78806567E+0,9.03018415E-1,
527.343750,1.00000000E+0,3.78655219E+0,-2.78655219E+0,
529.296880,3.00000000E+0,3.78507042E+0,-4.53260630E-1,
531.2500,4.00000000E+0,3.78361940E+0,1.08190298E-1,
533.203130,4.00000000E+0,3.78219891E+0,1.08900547E-1,
535.156250,5.00000000E+0,3.78080797E+0,5.45239270E-1,
537.109380,8.00000000E+0,3.77944589E+0,1.49219120E+0,
539.062500,1.00000000E+0,3.77811241E+0,-2.77811241E+0,
541.015630,6.00000000E+0,3.77680683E+0,9.07614827E-1,
542.968750,4.00000000E+0,3.77552819E+0,1.12235904E-1,
544.921880,7.00000000E+0,3.77427649E+0,1.21920896E+0,
546.87500,3.00000000E+0,3.77305079E+0,-4.46321100E-1,
548.828130,5.00000000E+0,3.77185082E+0,5.49245000E-1,
550.781250,4.00000000E+0,3.77067590E+0,1.14662051E-1,
552.734380,6.00000000E+0,3.76952529E+0,9.10587490E-1,
554.687500,7.00000000E+0,3.76839876E+0,1.22143054E+0,
556.640630,3.00000000E+0,3.76729584E+0,-4.42998469E-1,
558.593750,2.00000000E+0,3.76621580E+0,-1.24890316E+0,
560.546880,6.00000000E+0,3.76515841E+0,9.12370265E-1,
562.500,9.00000000E+0,3.76412320E+0,1.74529231E+0,
564.453130,3.00000000E+0,3.76310945E+0,-4.40581441E-1,
566.406250,1.00000000E+1,3.76211667E+0,1.97259188E+0,
568.359380,6.00000000E+0,3.76114488E+0,9.14008796E-1,
570.312500,4.00000000E+0,3.76019335E+0,1.19903326E-1,
572.265630,2.00000000E+0,3.75926161E+0,-1.24398577E+0,
574.218750,1.10000000E+1,3.75834942E+0,2.18343973E+0,
576.171880,3.00000000E+0,3.75745606E+0,-4.37317461E-1,
578.12500,3.00000000E+0,3.75658154E+0,-4.36812580E-1,
580.078130,9.00000000E+0,3.75572515E+0,1.74809158E+0,
582.031250,6.00000000E+0,3.75488663E+0,9.16563690E-1,
583.984380,5.00000000E+0,3.75406575E+0,5.57198763E-1,
585.937500,3.00000000E+0,3.75326180E+0,-4.34895903E-1,
587.890630,6.00000000E+0,3.75247478E+0,9.17548358E-1,
589.843750,3.00000000E+0,3.75170422E+0,-4.33996648E-1,
591.796880,7.00000000E+0,3.75094962E+0,1.22802567E+0,
593.7500,4.00000000E+0,3.75021076E+0,1.24894619E-1,
595.703130,3.00000000E+0,3.74948740E+0,-4.32716757E-1,
597.656250,7.00000000E+0,3.74877906E+0,1.22884607E+0,
599.609380,9.00000000E+0,3.74808550E+0,1.75063813E+0,
601.562500,8.00000000E+0,3.74740648E+0,1.50351882E+0,
603.515630,1.00000000E+1,3.74674153E+0,1.97745395E+0,
605.468750,0.00000000E+0,3.74609065E+0,-3.74609065E+0,
607.421880,5.00000000E+0,3.74545312E+0,5.61050415E-1,
609.37500,3.00000000E+0,3.74482918E+0,-4.30027336E-1,
611.328130,1.00000000E+1,3.74421811E+0,1.97825193E+0,
613.281250,1.00000000E+1,3.74361968E+0,1.97844124E+0,
615.234380,3.00000000E+0,3.74303389E+0,-4.28990811E-1,
617.187500,5.00000000E+0,3.74246025E+0,5.62388897E-1,
619.140630,5.00000000E+0,3.74189854E+0,5.62640071E-1,
621.093750,4.00000000E+0,3.74134874E+0,1.29325628E-1,
623.046880,5.00000000E+0,3.74081016E+0,5.63126802E-1,
625.00,3.00000000E+0,3.74028301E+0,-4.27402616E-1,
626.953130,4.00000000E+0,3.73976684E+0,1.30116582E-1,
628.906250,7.00000000E+0,3.73926139E+0,1.23244333E+0,
630.859380,4.00000000E+0,3.73876643E+0,1.30616784E-1,
632.812500,7.00000000E+0,3.73828197E+0,1.23281360E+0,
634.765630,4.00000000E+0,3.73780751E+0,1.31096244E-1,
636.718750,6.00000000E+0,3.73734307E+0,9.23725843E-1,
638.671880,4.00000000E+0,3.73688817E+0,1.31555915E-1,
640.62500,3.00000000E+0,3.73644280E+0,-4.25185472E-1,
642.578130,4.00000000E+0,3.73600674E+0,1.31996632E-1,
644.531250,9.00000000E+0,3.73557973E+0,1.75480676E+0,
646.484380,2.00000000E+0,3.73516178E+0,-1.22694468E+0,
648.437500,3.00000000E+0,3.73475242E+0,-4.24209505E-1,
650.390630,4.00000000E+0,3.73435163E+0,1.32824183E-1,
652.343750,2.00000000E+0,3.73395920E+0,-1.22609437E+0,
654.296880,0.00000000E+0,3.73357511E+0,-3.73357511E+0,
656.2500,7.00000000E+0,3.73319888E+0,1.23473477E+0,
658.203130,7.00000000E+0,3.73283052E+0,1.23487401E+0,
660.156250,5.00000000E+0,3.73246980E+0,5.66856742E-1,
662.109380,4.00000000E+0,3.73211670E+0,1.33941650E-1,
664.062500,8.00000000E+0,3.73177075E+0,1.50904691E+0,
666.015630,4.00000000E+0,3.73143220E+0,1.34283900E-1,
667.968750,3.00000000E+0,3.73110080E+0,-4.22101259E-1,
669.921880,4.00000000E+0,3.73077631E+0,1.34611845E-1,
671.87500,5.00000000E+0,3.73045850E+0,5.67756236E-1,
673.828130,4.00000000E+0,3.73014736E+0,1.34926319E-1,
675.781250,3.00000000E+0,3.72984266E+0,-4.21374857E-1,
677.734380,4.00000000E+0,3.72954440E+0,1.35227799E-1,
679.687500,5.00000000E+0,3.72925234E+0,5.68295658E-1,
681.640630,1.00000000E+1,3.72896624E+0,1.98307502E+0,
683.593750,6.00000000E+0,3.72868633E+0,9.27259922E-1,
685.546880,4.00000000E+0,3.72841215E+0,1.35793924E-1,
687.500,4.00000000E+0,3.72814369E+0,1.35928154E-1,
689.453130,3.00000000E+0,3.72788072E+0,-4.20242131E-1,
691.406250,5.00000000E+0,3.72762346E+0,5.69024086E-1,
693.359380,5.00000000E+0,3.72737145E+0,5.69136798E-1,
695.312500,6.00000000E+0,3.72712469E+0,9.27897453E-1,
697.265630,5.00000000E+0,3.72688293E+0,5.69355249E-1,
699.218750,6.00000000E+0,3.72664642E+0,9.28092718E-1,
701.171880,4.00000000E+0,3.72641492E+0,1.36792541E-1,
703.12500,7.00000000E+0,3.72618818E+0,1.23738456E+0,
705.078130,7.00000000E+0,3.72596598E+0,1.23746860E+0,
707.031250,5.00000000E+0,3.72574878E+0,5.69862485E-1,
708.984380,8.00000000E+0,3.72553587E+0,1.51125133E+0,
710.937500,6.00000000E+0,3.72532725E+0,9.28631246E-1,
712.890630,6.00000000E+0,3.72512317E+0,9.28714573E-1,
714.843750,5.00000000E+0,3.72492337E+0,5.70231616E-1,
716.796880,8.00000000E+0,3.72472787E+0,1.51153696E+0,
718.7500,4.00000000E+0,3.72453618E+0,1.37731910E-1,
720.703130,6.00000000E+0,3.72434878E+0,9.29030716E-1,
722.656250,3.00000000E+0,3.72416496E+0,-4.18096840E-1,
724.609380,6.00000000E+0,3.72398520E+0,9.29179192E-1,
726.562500,4.00000000E+0,3.72380924E+0,1.38095379E-1,
728.515630,6.00000000E+0,3.72363663E+0,9.29321468E-1,
730.468750,5.00000000E+0,3.72346783E+0,5.70882559E-1,
732.421880,7.00000000E+0,3.72330260E+0,1.23847520E+0,
734.37500,4.00000000E+0,3.72314095E+0,1.38429523E-1,
736.328130,8.00000000E+0,3.72298241E+0,1.51215410E+0,
738.281250,4.00000000E+0,3.72282720E+0,1.38586402E-1,
740.234380,6.00000000E+0,3.72267532E+0,9.29713905E-1,
742.187500,1.00000000E+1,3.72252655E+0,1.98511147E+0,
744.140630,5.00000000E+0,3.72238111E+0,5.71368515E-1,
746.093750,5.00000000E+0,3.72223830E+0,5.71432412E-1,
748.046880,7.00000000E+0,3.72209883E+0,1.23893023E+0,
750.00,4.00000000E+0,3.72196221E+0,1.39018893E-1,
751.953130,7.00000000E+0,3.72182822E+0,1.23903251E+0,
753.906250,7.00000000E+0,3.72169709E+0,1.23908210E+0,
755.859380,6.00000000E+0,3.72156882E+0,9.30165648E-1,
757.812500,8.00000000E+0,3.72144318E+0,1.51269829E+0,
759.765630,5.00000000E+0,3.72132015E+0,5.71843028E-1,
761.718750,8.00000000E+0,3.72119975E+0,1.51278436E+0,
763.671880,8.00000000E+0,3.72108173E+0,1.51282609E+0,
765.62500,5.00000000E+0,3.72096634E+0,5.72001219E-1,
767.578130,3.00000000E+0,3.72085333E+0,-4.16184872E-1,
769.531250,4.00000000E+0,3.72074270E+0,1.39628649E-1,
771.484380,7.00000000E+0,3.72063422E+0,1.23948383E+0,
773.437500,8.00000000E+0,3.72052813E+0,1.51302183E+0,
775.390630,4.00000000E+0,3.72042418E+0,1.39787912E-1,
777.343750,2.00000000E+0,3.72032237E+0,-1.21645164E+0,
779.296880,6.00000000E+0,3.72022271E+0,9.30715203E-1,
781.2500,5.00000000E+0,3.72012520E+0,5.72377443E-1,
783.203130,5.00000000E+0,3.72002983E+0,5.72420061E-1,
785.156250,3.00000000E+0,3.71993613E+0,-4.15655315E-1,
787.109380,2.00000000E+0,3.71984458E+0,-1.21611381E+0,
789.062500,2.00000000E+0,3.71975493E+0,-1.21605039E+0,
791.015630,5.00000000E+0,3.71966720E+0,5.72582245E-1,
792.968750,5.00000000E+0,3.71958137E+0,5.72620630E-1,
794.921880,6.00000000E+0,3.71949720E+0,9.31011379E-1,
796.87500,5.00000000E+0,3.71941471E+0,5.72695136E-1,
798.828130,7.00000000E+0,3.71933413E+0,1.23997521E+0,
800.781250,5.00000000E+0,3.71925497E+0,5.72766602E-1,
802.734380,3.00000000E+0,3.71917772E+0,-4.15217459E-1,
804.687500,8.00000000E+0,3.71910191E+0,1.51352608E+0,
806.640630,8.00000000E+0,3.71902776E+0,1.51355231E+0,
808.593750,9.00000000E+0,3.71895528E+0,1.76034820E+0,
810.546880,9.00000000E+0,3.71888399E+0,1.76037204E+0,
812.500,5.00000000E+0,3.71881437E+0,5.72963655E-1,
814.453130,9.00000000E+0,3.71874642E+0,1.76041782E+0,
816.406250,9.00000000E+0,3.71867967E+0,1.76044011E+0,
818.359380,6.00000000E+0,3.71861434E+0,9.31371808E-1,
820.312500,9.00000000E+0,3.71855021E+0,1.76048326E+0,
822.265630,6.00000000E+0,3.71848750E+0,9.31423604E-1,
824.218750,5.00000000E+0,3.71842623E+0,5.73137224E-1,
826.171880,3.00000000E+0,3.71836615E+0,-4.14748907E-1,
828.12500,4.00000000E+0,3.71830750E+0,1.40846252E-1,
830.078130,3.00000000E+0,3.71824980E+0,-4.14681733E-1,
832.031250,7.00000000E+0,3.71819353E+0,1.24040627E+0,
833.984380,3.00000000E+0,3.71813822E+0,-4.14617300E-1,
835.937500,3.00000000E+0,3.71808434E+0,-4.14586186E-1,
837.890630,1.10000000E+1,3.71803141E+0,2.19559622E+0,
839.843750,1.10000000E+1,3.71797943E+0,2.19561195E+0,
841.796880,4.00000000E+0,3.71792889E+0,1.41035557E-1,
843.7500,7.00000000E+0,3.71787906E+0,1.24052513E+0,
845.703130,6.00000000E+0,3.71783042E+0,9.31691825E-1,
847.656250,8.00000000E+0,3.71778297E+0,1.51399231E+0,
849.609380,5.00000000E+0,3.71773624E+0,5.73445797E-1,
851.562500,5.00000000E+0,3.71769047E+0,5.73466241E-1,
853.515630,4.00000000E+0,3.71764588E+0,1.41177058E-1,
855.468750,3.00000000E+0,3.71760201E+0,-4.14307714E-1,
857.421880,8.00000000E+0,3.71755934E+0,1.51407146E+0,
859.37500,2.00000000E+0,3.71751738E+0,-1.21446824E+0,
861.328130,3.00000000E+0,3.71747613E+0,-4.14235055E-1,
863.281250,5.00000000E+0,3.71743608E+0,5.73580027E-1,
865.234380,5.00000000E+0,3.71739650E+0,5.73597729E-1,
867.187500,8.00000000E+0,3.71735811E+0,1.51414251E+0,
869.140630,6.00000000E+0,3.71732020E+0,9.31900144E-1,
871.093750,3.00000000E+0,3.71728325E+0,-4.14123684E-1,
873.046880,3.00000000E+0,3.71724701E+0,-4.14102763E-1,
875.00,1.00000000E+1,3.71721172E+0,1.98679209E+0,
876.953130,3.00000000E+0,3.71717691E+0,-4.14062291E-1,
878.906250,7.00000000E+0,3.71714306E+0,1.24080336E+0,
880.859380,6.00000000E+0,3.71710968E+0,9.31986094E-1,
882.812500,2.00000000E+0,3.71707702E+0,-1.21415675E+0,
884.765630,6.00000000E+0,3.71704531E+0,9.32012379E-1,
886.718750,7.00000000E+0,3.71701407E+0,1.24085212E+0,
888.671880,2.00000000E+0,3.71698332E+0,-1.21409059E+0,
890.62500,3.00000000E+0,3.71695352E+0,-4.13933307E-1,
892.578130,6.00000000E+0,3.71692419E+0,9.32061791E-1,
894.531250,1.00000000E+0,3.71689558E+0,-2.71689558E+0,
896.484380,6.00000000E+0,3.71686745E+0,9.32084978E-1,
898.437500,7.00000000E+0,3.71683979E+0,1.24091792E+0,
900.390630,5.00000000E+0,3.71681285E+0,5.73858738E-1,
902.343750,2.00000000E+0,3.71678662E+0,-1.21395147E+0,
904.296880,6.00000000E+0,3.71676064E+0,9.32128608E-1,
906.2500,8.00000000E+0,3.71673536E+0,1.51436269E+0,
908.203130,5.00000000E+0,3.71671057E+0,5.73904514E-1,
910.156250,4.00000000E+0,3.71668649E+0,1.41656756E-1,
912.109380,3.00000000E+0,3.71666265E+0,-4.13765371E-1,
914.062500,3.00000000E+0,3.71663928E+0,-4.13751900E-1,
916.015630,2.00000000E+0,3.71661663E+0,-1.21383131E+0,
917.968750,3.00000000E+0,3.71659422E+0,-4.13725883E-1,
919.921880,8.00000000E+0,3.71657252E+0,1.51442027E+0,
921.87500,6.00000000E+0,3.71655107E+0,9.32214141E-1,
923.828130,5.00000000E+0,3.71653032E+0,5.73985100E-1,
925.781250,3.00000000E+0,3.71650982E+0,-4.13677156E-1,
927.734380,5.00000000E+0,3.71648979E+0,5.74003220E-1,
929.687500,3.00000000E+0,3.71647000E+0,-4.13654149E-1,
931.640630,5.00000000E+0,3.71645093E+0,5.74020624E-1,
933.593750,8.00000000E+0,3.71643209E+0,1.51446998E+0,
935.546880,5.00000000E+0,3.71641350E+0,5.74037313E-1,
937.500,8.00000000E+0,3.71639562E+0,1.51448286E+0,
939.453130,4.00000000E+0,3.71637774E+0,1.41811132E-1,
941.406250,3.00000000E+0,3.71636057E+0,-4.13590968E-1,
943.359380,2.00000000E+0,3.71634364E+0,-1.21363819E+0,
945.312500,1.20000000E+1,3.71632695E+0,2.39129043E+0,
947.265630,3.00000000E+0,3.71631074E+0,-4.13562208E-1,
949.218750,6.00000000E+0,3.71629477E+0,9.32318747E-1,
951.171880,6.00000000E+0,3.71627927E+0,9.32325125E-1,
953.12500,9.00000000E+0,3.71626401E+0,1.76124537E+0,
955.078130,3.00000000E+0,3.71624923E+0,-4.13526684E-1,
957.031250,4.00000000E+0,3.71623445E+0,1.41882777E-1,
958.984380,1.00000000E+0,3.71622014E+0,-2.71622014E+0,
960.937500,5.00000000E+0,3.71620607E+0,5.74130118E-1,
962.890630,8.00000000E+0,3.71619248E+0,1.51455462E+0,
964.843750,7.00000000E+0,3.71617913E+0,1.24116766E+0,
966.796880,4.00000000E+0,3.71616578E+0,1.41917109E-1,
968.7500,8.00000000E+0,3.71615291E+0,1.51456869E+0,
970.703130,8.00000000E+0,3.71614027E+0,1.51457310E+0,
972.656250,5.00000000E+0,3.71612811E+0,5.74164987E-1,
974.609380,5.00000000E+0,3.71611595E+0,5.74170411E-1,
976.562500,5.00000000E+0,3.71610403E+0,5.74175715E-1,
978.515630,5.00000000E+0,3.71609259E+0,5.74180841E-1,
980.468750,7.00000000E+0,3.71608114E+0,1.24120474E+0,
982.421880,6.00000000E+0,3.71607018E+0,9.32410479E-1,
984.37500,7.00000000E+0,3.71605921E+0,1.24121296E+0,
986.328130,5.00000000E+0,3.71604848E+0,5.74200571E-1,
988.281250,3.00000000E+0,3.71603799E+0,-4.13404733E-1,
990.234380,4.00000000E+0,3.71602798E+0,1.41986012E-1,
992.187500,5.00000000E+0,3.71601796E+0,5.74214220E-1,
994.140630,4.00000000E+0,3.71600819E+0,1.41995907E-1,
996.093750,1.20000000E+1,3.71599841E+0,2.39138532E+0,
998.046880,7.00000000E+0,3.71598911E+0,1.24123943E+0,
1000.00,6.00000000E+0,3.71597981E+0,9.32447374E-1,
1001.953100,5.00000000E+0,3.71597099E+0,5.74235260E-1,
1003.906300,6.00000000E+0,3.71596217E+0,9.32454526E-1,
1005.859400,4.00000000E+0,3.71595359E+0,1.42023206E-1,
1007.812500,3.00000000E+0,3.71594501E+0,-4.13351059E-1,
1009.765600,6.00000000E+0,3.71593666E+0,9.32464957E-1,
1011.718800,6.00000000E+0,3.71592879E+0,9.32468176E-1,
1013.671900,2.00000000E+0,3.71592069E+0,-1.21333921E+0,
1015.625000,4.00000000E+0,3.71591306E+0,1.42043471E-1,
1017.578100,4.00000000E+0,3.71590543E+0,1.42047286E-1,
1019.531300,3.00000000E+0,3.71589804E+0,-4.13323939E-1,
1021.484400,4.00000000E+0,3.71589065E+0,1.42054677E-1,
1023.437500,2.00000000E+0,3.71588349E+0,-1.21331286E+0,
1025.390600,3.00000000E+0,3.71587658E+0,-4.13311541E-1,
1027.343800,7.00000000E+0,3.71586967E+0,1.24128461E+0,
1029.296900,8.00000000E+0,3.71586299E+0,1.51467121E+0,
1031.25000,6.00000000E+0,3.71585655E+0,9.32497680E-1,
1033.203100,3.00000000E+0,3.71585011E+0,-4.13296252E-1,
1035.156300,3.00000000E+0,3.71584368E+0,-4.13292557E-1,
1037.109400,8.00000000E+0,3.71583748E+0,1.51468015E+0,
1039.062500,3.00000000E+0,3.71583152E+0,-4.13285524E-1,
1041.015600,2.00000000E+0,3.71582556E+0,-1.21327186E+0,
1042.968800,6.00000000E+0,3.71581984E+0,9.32512641E-1,
1044.921900,6.00000000E+0,3.71581411E+0,9.32515025E-1,
1046.875000,6.00000000E+0,3.71580863E+0,9.32517231E-1,
1048.828100,3.00000000E+0,3.71580315E+0,-4.13269132E-1,
1050.781300,7.00000000E+0,3.71579790E+0,1.24131179E+0,
1052.734400,5.00000000E+0,3.71579266E+0,5.74315012E-1,
1054.687500,7.00000000E+0,3.71578765E+0,1.24131560E+0,
1056.640600,7.00000000E+0,3.71578264E+0,1.24131751E+0,
1058.593800,3.00000000E+0,3.71577787E+0,-4.13254559E-1,
1060.546900,2.00000000E+0,3.71577311E+0,-1.21323478E+0,
1062.5000,6.00000000E+0,3.71576834E+0,9.32533681E-1,
1064.453100,7.00000000E+0,3.71576381E+0,1.24132466E+0,
1066.406300,1.00000000E+0,3.71575928E+0,-2.71575928E+0,
1068.359400,5.00000000E+0,3.71575475E+0,5.74331939E-1,
1070.312500,1.10000000E+1,3.71575046E+0,2.19628382E+0,
1072.265600,5.00000000E+0,3.71574640E+0,5.74335694E-1,
1074.218800,5.00000000E+0,3.71574211E+0,5.74337602E-1,
1076.171900,8.00000000E+0,3.71573806E+0,1.51471531E+0,
1078.125000,5.00000000E+0,3.71573424E+0,5.74341118E-1,
1080.078100,5.00000000E+0,3.71573043E+0,5.74342787E-1,
1082.031300,9.00000000E+0,3.71572661E+0,1.76142442E+0,
1083.984400,8.00000000E+0,3.71572280E+0,1.51472068E+0,
1085.937500,4.00000000E+0,3.71571922E+0,1.42140388E-1,
1087.890600,8.00000000E+0,3.71571565E+0,1.51472330E+0,
1089.843800,2.00000000E+0,3.71571207E+0,-1.21319163E+0,
1091.796900,6.00000000E+0,3.71570873E+0,9.32558000E-1,
1093.75000,4.00000000E+0,3.71570539E+0,1.42147303E-1,
1095.703100,2.00000000E+0,3.71570206E+0,-1.21318460E+0,
1097.656300,4.00000000E+0,3.71569896E+0,1.42150521E-1,
1099.609400,4.00000000E+0,3.71569586E+0,1.42152071E-1,
1101.562500,3.00000000E+0,3.71569276E+0,-4.13205415E-1,
1103.515600,4.00000000E+0,3.71568966E+0,1.42155170E-1,
1105.468800,6.00000000E+0,3.71568680E+0,9.32567000E-1,
1107.421900,8.00000000E+0,3.71568394E+0,1.51473451E+0,
1109.375000,5.00000000E+0,3.71568108E+0,5.74364901E-1,
1111.328100,2.00000000E+0,3.71567845E+0,-1.21316791E+0,
1113.281300,1.00000000E+0,3.71567559E+0,-2.71567559E+0,
1115.234400,1.00000000E+0,3.71567297E+0,-2.71567297E+0,
1117.187500,7.00000000E+0,3.71567035E+0,1.24135995E+0,
1119.140600,2.00000000E+0,3.71566796E+0,-1.21316040E+0,
1121.093800,2.00000000E+0,3.71566534E+0,-1.21315861E+0,
1123.046900,3.00000000E+0,3.71566296E+0,-4.13188219E-1,
1125.000,8.00000000E+0,3.71566057E+0,1.51474273E+0,
1126.953100,5.00000000E+0,3.71565819E+0,5.74375153E-1,
1128.906300,3.00000000E+0,3.71565604E+0,-4.13184226E-1,
1130.859400,8.00000000E+0,3.71565366E+0,1.51474512E+0,
1132.812500,6.00000000E+0,3.71565151E+0,9.32581365E-1,
1134.765600,2.00000000E+0,3.71564937E+0,-1.21314728E+0,
1136.718800,3.00000000E+0,3.71564722E+0,-4.13179129E-1,
1138.671900,7.00000000E+0,3.71564531E+0,1.24136937E+0,
1140.625000,3.00000000E+0,3.71564317E+0,-4.13176775E-1,
1142.578100,6.00000000E+0,3.71564126E+0,9.32585537E-1,
1144.531300,2.00000000E+0,3.71563935E+0,-1.21314025E+0,
1146.484400,7.00000000E+0,3.71563745E+0,1.24137235E+0,
1148.437500,4.00000000E+0,3.71563554E+0,1.42182231E-1,
1150.390600,4.00000000E+0,3.71563363E+0,1.42183185E-1,
1152.343800,5.00000000E+0,3.71563196E+0,5.74386835E-1,
1154.296900,2.00000000E+0,3.71563029E+0,-1.21313381E+0,
1156.25000,7.00000000E+0,3.71562862E+0,1.24137568E+0,
1158.203100,8.00000000E+0,3.71562696E+0,1.51475465E+0,
1160.156300,6.00000000E+0,3.71562529E+0,9.32592094E-1,
1162.109400,5.00000000E+0,3.71562362E+0,5.74390590E-1,
1164.062500,9.00000000E+0,3.71562219E+0,1.76145923E+0,
1166.015600,4.00000000E+0,3.71562052E+0,1.42189741E-1,
1167.968800,5.00000000E+0,3.71561909E+0,5.74392617E-1,
1169.921900,6.00000000E+0,3.71561766E+0,9.32595193E-1,
1171.875000,3.00000000E+0,3.71561623E+0,-4.13161218E-1,
1173.828100,6.00000000E+0,3.71561480E+0,9.32596385E-1,
1175.781300,1.00000000E+0,3.71561337E+0,-2.71561337E+0,
1177.734400,7.00000000E+0,3.71561193E+0,1.24138200E+0,
1179.687500,6.00000000E+0,3.71561074E+0,9.32597995E-1,
1181.640600,6.00000000E+0,3.71560931E+0,9.32598591E-1,
1183.593800,9.00000000E+0,3.71560812E+0,1.76146400E+0,
1185.546900,3.00000000E+0,3.71560693E+0,-4.13155854E-1,
1187.5000,3.00000000E+0,3.71560574E+0,-4.13155168E-1,
1189.453100,4.00000000E+0,3.71560454E+0,1.42197728E-1,
1191.406300,6.00000000E+0,3.71560335E+0,9.32601035E-1,
1193.359400,3.00000000E+0,3.71560216E+0,-4.13153112E-1,
1195.312500,9.00000000E+0,3.71560097E+0,1.76146638E+0,
1197.265600,6.00000000E+0,3.71560001E+0,9.32602406E-1,
1199.218800,5.00000000E+0,3.71559882E+0,5.74401677E-1,
1201.171900,1.00000000E+0,3.71559787E+0,-2.71559787E+0,
1203.125000,1.00000000E+0,3.71559691E+0,-2.71559691E+0,
1205.078100,6.00000000E+0,3.71559572E+0,9.32604134E-1,
1207.031300,6.00000000E+0,3.71559477E+0,9.32604551E-1,
1208.984400,1.10000000E+1,3.71559381E+0,2.19633102E+0,
1210.937500,6.00000000E+0,3.71559286E+0,9.32605326E-1,
1212.890600,3.00000000E+0,3.71559215E+0,-4.13147330E-1,
1214.843800,0.00000000E+0,3.71559119E+0,-3.71559119E+0,
1216.796900,7.00000000E+0,3.71559024E+0,1.24139023E+0,
1218.75000,2.00000000E+0,3.71558928E+0,-1.21310484E+0,
1220.703100,6.00000000E+0,3.71558857E+0,9.32607055E-1,
1222.656300,4.00000000E+0,3.71558762E+0,1.42206192E-1,
1224.609400,2.00000000E+0,3.71558690E+0,-1.21310318E+0,
1226.562500,7.00000000E+0,3.71558619E+0,1.24139178E+0,
1228.515600,3.00000000E+0,3.71558523E+0,-4.13143337E-1,
1230.468800,7.00000000E+0,3.71558452E+0,1.24139237E+0,
1232.421900,5.00000000E+0,3.71558380E+0,5.74408412E-1,
1234.375000,6.00000000E+0,3.71558309E+0,9.32609320E-1,
1236.328100,6.00000000E+0,3.71558237E+0,9.32609618E-1,
1238.281300,8.00000000E+0,3.71558166E+0,1.51477063E+0,
1240.234400,6.00000000E+0,3.71558094E+0,9.32610214E-1,
1242.187500,3.00000000E+0,3.71558022E+0,-4.13140446E-1,
1244.140600,6.00000000E+0,3.71557975E+0,9.32610691E-1,
1246.093800,4.00000000E+0,3.71557903E+0,1.42210484E-1,
1248.046900,4.00000000E+0,3.71557832E+0,1.42210841E-1,
1250.00,5.00000000E+0,3.71557784E+0,5.74411035E-1,
1251.953100,4.00000000E+0,3.71557713E+0,1.42211437E-1,
1253.906300,3.00000000E+0,3.71557665E+0,-4.13138390E-1,
1255.859400,6.00000000E+0,3.71557593E+0,9.32612240E-1,
1257.812500,8.00000000E+0,3.71557546E+0,1.51477277E+0,
1259.765600,4.00000000E+0,3.71557474E+0,1.42212629E-1,
1261.718800,4.00000000E+0,3.71557426E+0,1.42212868E-1,
1263.671900,3.00000000E+0,3.71557379E+0,-4.13136721E-1,
1265.625000,6.00000000E+0,3.71557331E+0,9.32613313E-1,
1267.578100,3.00000000E+0,3.71557283E+0,-4.13136184E-1,
1269.531300,6.00000000E+0,3.71557212E+0,9.32613790E-1,
1271.484400,5.00000000E+0,3.71557164E+0,5.74413836E-1,
1273.437500,4.00000000E+0,3.71557117E+0,1.42214417E-1,
1275.390600,3.00000000E+0,3.71557069E+0,-4.13134933E-1,
1277.343800,9.00000000E+0,3.71557045E+0,1.76147652E+0,
1279.296900,9.00000000E+0,3.71556997E+0,1.76147664E+0,
1281.25000,6.00000000E+0,3.71556950E+0,9.32614863E-1,
1283.203100,2.00000000E+0,3.71556902E+0,-1.21309054E+0,
1285.156300,6.00000000E+0,3.71556854E+0,9.32615280E-1,
1287.109400,4.00000000E+0,3.71556807E+0,1.42215967E-1,
1289.062500,7.00000000E+0,3.71556783E+0,1.24139869E+0,
1291.015600,6.00000000E+0,3.71556735E+0,9.32615757E-1,
1292.968800,5.00000000E+0,3.71556687E+0,5.74415982E-1,
1294.921900,6.00000000E+0,3.71556664E+0,9.32616055E-1,
1296.875000,7.00000000E+0,3.71556616E+0,1.24139929E+0,
1298.828100,7.00000000E+0,3.71556592E+0,1.24139941E+0,
1300.781300,3.00000000E+0,3.71556544E+0,-4.13131893E-1,
1302.734400,2.00000000E+0,3.71556520E+0,-1.21308780E+0,
1304.687500,6.00000000E+0,3.71556473E+0,9.32616830E-1,
1306.640600,0.00000000E+0,3.71556449E+0,-3.71556449E+0,
1308.593800,8.00000000E+0,3.71556425E+0,1.51477683E+0,
1310.546900,6.00000000E+0,3.71556377E+0,9.32617188E-1,
1312.5000,3.00000000E+0,3.71556354E+0,-4.13130820E-1,
1314.453100,6.00000000E+0,3.71556330E+0,9.32617366E-1,
1316.406300,4.00000000E+0,3.71556282E+0,1.42218590E-1,
1318.359400,4.00000000E+0,3.71556258E+0,1.42218709E-1,
1320.312500,8.00000000E+0,3.71556234E+0,1.51477742E+0,
1322.265600,3.00000000E+0,3.71556211E+0,-4.13129985E-1,
1324.218800,4.00000000E+0,3.71556187E+0,1.42219067E-1,
1326.171900,4.00000000E+0,3.71556139E+0,1.42219305E-1,
1328.125000,8.00000000E+0,3.71556115E+0,1.51477790E+0,
1330.078100,4.00000000E+0,3.71556091E+0,1.42219543E-1,
1332.031300,1.00000000E+1,3.71556067E+0,1.98731422E+0,
1333.984400,3.00000000E+0,3.71556044E+0,-4.13129002E-1,
1335.937500,3.00000000E+0,3.71556020E+0,-4.13128883E-1,
1337.890600,4.00000000E+0,3.71555996E+0,1.42220020E-1,
1339.843800,4.00000000E+0,3.71555972E+0,1.42220140E-1,
1341.796900,6.00000000E+0,3.71555948E+0,9.32618976E-1,
1343.75000,3.00000000E+0,3.71555924E+0,-4.13128316E-1,
1345.703100,3.00000000E+0,3.71555901E+0,-4.13128197E-1,
1347.656300,4.00000000E+0,3.71555877E+0,1.42220616E-1,
1349.609400,7.00000000E+0,3.71555853E+0,1.24140227E+0,
1351.562500,5.00000000E+0,3.71555853E+0,5.74419677E-1,
1353.515600,6.00000000E+0,3.71555829E+0,9.32619452E-1,
1355.468800,4.00000000E+0,3.71555805E+0,1.42220974E-1,
1357.421900,3.00000000E+0,3.71555781E+0,-4.13127512E-1,
1359.375000,6.00000000E+0,3.71555758E+0,9.32619750E-1,
1361.328100,6.00000000E+0,3.71555758E+0,9.32619750E-1,
1363.281300,4.00000000E+0,3.71555734E+0,1.42221332E-1,
1365.234400,9.00000000E+0,3.71555710E+0,1.76148093E+0,
1367.187500,0.00000000E+0,3.71555686E+0,-3.71555686E+0,
1369.140600,4.00000000E+0,3.71555686E+0,1.42221570E-1,
1371.093800,5.00000000E+0,3.71555662E+0,5.74420571E-1,
1373.046900,5.00000000E+0,3.71555638E+0,5.74420631E-1,
1375.000,2.00000000E+0,3.71555638E+0,-1.21308160E+0,
1376.953100,5.00000000E+0,3.71555614E+0,5.74420750E-1,
1378.906300,1.00000000E+0,3.71555591E+0,-2.71555591E+0,
1380.859400,5.00000000E+0,3.71555591E+0,5.74420869E-1,
1382.812500,4.00000000E+0,3.71555567E+0,1.42222166E-1,
1384.765600,3.00000000E+0,3.71555543E+0,-4.13126141E-1,
1386.718800,7.00000000E+0,3.71555543E+0,1.24140334E+0,
1388.671900,3.00000000E+0,3.71555519E+0,-4.13125992E-1,
1390.625000,5.00000000E+0,3.71555519E+0,5.74421167E-1,
1392.578100,2.00000000E+0,3.71555495E+0,-1.21308053E+0,
1394.531300,3.00000000E+0,3.71555495E+0,-4.13125843E-1,
1396.484400,4.00000000E+0,3.71555471E+0,1.42222643E-1,
1398.437500,6.00000000E+0,3.71555448E+0,9.32621002E-1,
1400.390600,6.00000000E+0,3.71555448E+0,9.32621002E-1,
1402.343800,2.00000000E+0,3.71555424E+0,-1.21308005E+0,
1404.296900,4.00000000E+0,3.71555424E+0,1.42222881E-1,
1406.25000,1.00000000E+0,3.71555400E+0,-2.71555400E+0,
1408.203100,4.00000000E+0,3.71555400E+0,1.42223001E-1,
1410.156300,5.00000000E+0,3.71555400E+0,5.74421704E-1,
1412.109400,8.00000000E+0,3.71555376E+0,1.51478052E+0,
1414.062500,5.00000000E+0,3.71555376E+0,5.74421823E-1,
1416.015600,2.00000000E+0,3.71555352E+0,-1.21307957E+0,
1417.968800,8.00000000E+0,3.71555352E+0,1.51478052E+0,
1419.921900,4.00000000E+0,3.71555328E+0,1.42223358E-1,
1421.875000,0.00000000E+0,3.71555328E+0,-3.71555328E+0,
1423.828100,5.00000000E+0,3.71555328E+0,5.74422061E-1,
1425.781300,5.00000000E+0,3.71555305E+0,5.74422121E-1,
1427.734400,5.00000000E+0,3.71555305E+0,5.74422121E-1,
1429.687500,7.00000000E+0,3.71555281E+0,1.24140441E+0,
1431.640600,5.00000000E+0,3.71555281E+0,5.74422240E-1,
1433.593800,9.00000000E+0,3.71555281E+0,1.76148236E+0,
1435.546900,1.20000000E+1,3.71555257E+0,2.39151406E+0,
1437.5000,5.00000000E+0,3.71555257E+0,5.74422359E-1,
1439.453100,8.00000000E+0,3.71555257E+0,1.51478088E+0,
1441.406300,4.00000000E+0,3.71555233E+0,1.42223835E-1,
1443.359400,4.00000000E+0,3.71555233E+0,1.42223835E-1,
1445.312500,7.00000000E+0,3.71555233E+0,1.24140453E+0,
1447.265600,4.00000000E+0,3.71555209E+0,1.42223954E-1,
1449.218800,8.00000000E+0,3.71555209E+0,1.51478112E+0,
1451.171900,4.00000000E+0,3.71555209E+0,1.42223954E-1,
1453.125000,1.00000000E+0,3.71555209E+0,-2.71555209E+0,
1455.078100,5.00000000E+0,3.71555185E+0,5.74422657E-1,
1457.031300,4.00000000E+0,3.71555185E+0,1.42224073E-1,
1458.984400,5.00000000E+0,3.71555185E+0,5.74422657E-1,
1460.937500,5.00000000E+0,3.71555161E+0,5.74422777E-1,
1462.890600,4.00000000E+0,3.71555161E+0,1.42224193E-1,
1464.843800,4.00000000E+0,3.71555161E+0,1.42224193E-1,
1466.796900,3.00000000E+0,3.71555161E+0,-4.13123935E-1,
1468.75000,3.00000000E+0,3.71555138E+0,-4.13123786E-1,
1470.703100,5.00000000E+0,3.71555138E+0,5.74422896E-1,
1472.656300,1.00000000E+1,3.71555138E+0,1.98731720E+0,
1474.609400,5.00000000E+0,3.71555138E+0,5.74422896E-1,
1476.562500,4.00000000E+0,3.71555138E+0,1.42224312E-1,
1478.515600,5.00000000E+0,3.71555114E+0,5.74423015E-1,
1480.468800,1.00000000E+0,3.71555114E+0,-2.71555114E+0,
1482.421900,4.00000000E+0,3.71555114E+0,1.42224431E-1,
1484.375000,4.00000000E+0,3.71555114E+0,1.42224431E-1,
1486.328100,5.00000000E+0,3.71555090E+0,5.74423134E-1,
1488.281300,4.00000000E+0,3.71555090E+0,1.42224550E-1,
1490.234400,7.00000000E+0,3.71555090E+0,1.24140513E+0,
1492.187500,2.00000000E+0,3.71555090E+0,-1.21307766E+0,
1494.140600,5.00000000E+0,3.71555090E+0,5.74423134E-1,
1496.093800,6.00000000E+0,3.71555090E+0,9.32622433E-1,
1498.046900,4.00000000E+0,3.71555066E+0,1.42224669E-1,
1500.00,4.00000000E+0,3.71555066E+0,1.42224669E-1,
1501.953100,7.00000000E+0,3.71555066E+0,1.24140525E+0,
1503.906300,4.00000000E+0,3.71555066E+0,1.42224669E-1,
1505.859400,1.20000000E+1,3.71555066E+0,2.39151454E+0,
1507.812500,3.00000000E+0,3.71555066E+0,-4.13123369E-1,
1509.765600,6.00000000E+0,3.71555042E+0,9.32622671E-1,
1511.718800,3.00000000E+0,3.71555042E+0,-4.13123250E-1,
1513.671900,3.00000000E+0,3.71555042E+0,-4.13123250E-1,
1515.625000,2.00000000E+0,3.71555042E+0,-1.21307731E+0,
1517.578100,9.00000000E+0,3.71555042E+0,1.76148319E+0,
1519.531300,3.00000000E+0,3.71555042E+0,-4.13123250E-1,
1521.484400,8.00000000E+0,3.71555018E+0,1.51478171E+0,
1523.437500,9.00000000E+0,3.71555018E+0,1.76148331E+0,
1525.390600,6.00000000E+0,3.71555018E+0,9.32622731E-1,
1527.343800,7.00000000E+0,3.71555018E+0,1.24140537E+0,
1529.296900,5.00000000E+0,3.71555018E+0,5.74423432E-1,
1531.25000,1.00000000E+0,3.71555018E+0,-2.71555018E+0,
1533.203100,6.00000000E+0,3.71555018E+0,9.32622731E-1,
1535.156300,4.00000000E+0,3.71555018E+0,1.42224908E-1,
1537.109400,9.00000000E+0,3.71554995E+0,1.76148331E+0,
1539.062500,5.00000000E+0,3.71554995E+0,5.74423552E-1,
1541.015600,5.00000000E+0,3.71554995E+0,5.74423552E-1,
1542.968800,6.00000000E+0,3.71554995E+0,9.32622850E-1,
1544.921900,6.00000000E+0,3.71554995E+0,9.32622850E-1,
1546.875000,3.00000000E+0,3.71554995E+0,-4.13122952E-1,
1548.828100,6.00000000E+0,3.71554995E+0,9.32622850E-1,
1550.781300,2.00000000E+0,3.71554995E+0,-1.21307695E+0,
1552.734400,9.00000000E+0,3.71554995E+0,1.76148331E+0,
1554.687500,6.00000000E+0,3.71554995E+0,9.32622850E-1,
1556.640600,3.00000000E+0,3.71554971E+0,-4.13122833E-1,
1558.593800,5.00000000E+0,3.71554971E+0,5.74423611E-1,
1560.546900,6.00000000E+0,3.71554971E+0,9.32622969E-1,
1562.5000,3.00000000E+0,3.71554971E+0,-4.13122833E-1,
1564.453100,3.00000000E+0,3.71554971E+0,-4.13122833E-1,
1566.406300,4.00000000E+0,3.71554971E+0,1.42225146E-1,
1568.359400,5.00000000E+0,3.71554971E+0,5.74423611E-1,
1570.312500,2.00000000E+0,3.71554971E+0,-1.21307683E+0,
1572.265600,4.00000000E+0,3.71554971E+0,1.42225146E-1,
1574.218800,2.00000000E+0,3.71554971E+0,-1.21307683E+0,
1576.171900,1.10000000E+1,3.71554971E+0,2.19634438E+0,
1578.125000,8.00000000E+0,3.71554971E+0,1.51478195E+0,
1580.078100,4.00000000E+0,3.71554947E+0,1.42225266E-1,
1582.031300,1.10000000E+1,3.71554947E+0,2.19634461E+0,
1583.984400,4.00000000E+0,3.71554947E+0,1.42225266E-1,
1585.937500,3.00000000E+0,3.71554947E+0,-4.13122684E-1,
1587.890600,3.00000000E+0,3.71554947E+0,-4.13122684E-1,
1589.843800,4.00000000E+0,3.71554947E+0,1.42225266E-1,
1591.796900,4.00000000E+0,3.71554947E+0,1.42225266E-1,
1593.75000,3.00000000E+0,3.71554947E+0,-4.13122684E-1,
1595.703100,4.00000000E+0,3.71554947E+0,1.42225266E-1,
1597.656300,2.00000000E+0,3.71554947E+0,-1.21307671E+0,
1599.609400,4.00000000E+0,3.71554947E+0,1.42225266E-1,
1601.562500,3.00000000E+0,3.71554947E+0,-4.13122684E-1,
1603.515600,3.00000000E+0,3.71554947E+0,-4.13122684E-1,
1605.468800,6.00000000E+0,3.71554947E+0,9.32623029E-1,
1607.421900,4.00000000E+0,3.71554947E+0,1.42225266E-1,
1609.375000,6.00000000E+0,3.71554947E+0,9.32623029E-1,
1611.328100,3.00000000E+0,3.71554923E+0,-4.13122535E-1,
1613.281300,2.00000000E+0,3.71554923E+0,-1.21307647E+0,
1615.234400,3.00000000E+0,3.71554923E+0,-4.13122535E-1,
1617.187500,1.00000000E+0,3.71554923E+0,-2.71554923E+0,
1619.140600,5.00000000E+0,3.71554923E+0,5.74423850E-1,
1621.093800,6.00000000E+0,3.71554923E+0,9.32623148E-1,
1623.046900,6.00000000E+0,3.71554923E+0,9.32623148E-1,
1625.000,5.00000000E+0,3.71554923E+0,5.74423850E-1,
1626.953100,4.00000000E+0,3.71554923E+0,1.42225385E-1,
1628.906300,5.00000000E+0,3.71554923E+0,5.74423850E-1,
1630.859400,6.00000000E+0,3.71554923E+0,9.32623148E-1,
1632.812500,6.00000000E+0,3.71554923E+0,9.32623148E-1,
1634.765600,6.00000000E+0,3.71554923E+0,9.32623148E-1,
1636.718800,5.00000000E+0,3.71554923E+0,5.74423850E-1,
1638.671900,3.00000000E+0,3.71554923E+0,-4.13122535E-1,
1640.625000,3.00000000E+0,3.71554923E+0,-4.13122535E-1,
1642.578100,3.00000000E+0,3.71554923E+0,-4.13122535E-1,
1644.531300,7.00000000E+0,3.71554923E+0,1.24140573E+0,
1646.484400,6.00000000E+0,3.71554923E+0,9.32623148E-1,
1648.437500,5.00000000E+0,3.71554923E+0,5.74423850E-1,
1650.390600,5.00000000E+0,3.71554923E+0,5.74423850E-1,
1652.343800,3.00000000E+0,3.71554923E+0,-4.13122535E-1,
1654.296900,3.00000000E+0,3.71554923E+0,-4.13122535E-1,
1656.25000,4.00000000E+0,3.71554923E+0,1.42225385E-1,
1658.203100,6.00000000E+0,3.71554899E+0,9.32623208E-1,
1660.156300,4.00000000E+0,3.71554899E+0,1.42225504E-1,
1662.109400,3.00000000E+0,3.71554899E+0,-4.13122416E-1,
1664.062500,5.00000000E+0,3.71554899E+0,5.74423969E-1,
1666.015600,6.00000000E+0,3.71554899E+0,9.32623208E-1,
1667.968800,4.00000000E+0,3.71554899E+0,1.42225504E-1,
1669.921900,1.10000000E+1,3.71554899E+0,2.19634461E+0,
1671.875000,7.00000000E+0,3.71554899E+0,1.24140584E+0,
1673.828100,3.00000000E+0,3.71554899E+0,-4.13122416E-1,
1675.781300,7.00000000E+0,3.71554899E+0,1.24140584E+0,
1677.734400,9.00000000E+0,3.71554899E+0,1.76148367E+0,
1679.687500,5.00000000E+0,3.71554899E+0,5.74423969E-1,
1681.640600,5.00000000E+0,3.71554899E+0,5.74423969E-1,
1683.593800,6.00000000E+0,3.71554899E+0,9.32623208E-1,
1685.546900,5.00000000E+0,3.71554899E+0,5.74423969E-1,
1687.5000,5.00000000E+0,3.71554899E+0,5.74423969E-1,
1689.453100,6.00000000E+0,3.71554899E+0,9.32623208E-1,
1691.406300,4.00000000E+0,3.71554899E+0,1.42225504E-1,
1693.359400,5.00000000E+0,3.71554899E+0,5.74423969E-1,
1695.312500,3.00000000E+0,3.71554899E+0,-4.13122416E-1,
1697.265600,4.00000000E+0,3.71554899E+0,1.42225504E-1,
1699.218800,5.00000000E+0,3.71554899E+0,5.74423969E-1,
1701.171900,6.00000000E+0,3.71554899E+0,9.32623208E-1,
1703.125000,4.00000000E+0,3.71554899E+0,1.42225504E-1,
1705.078100,6.00000000E+0,3.71554899E+0,9.32623208E-1,
1707.031300,1.10000000E+1,3.71554899E+0,2.19634461E+0,
1708.984400,5.00000000E+0,3.71554899E+0,5.74423969E-1,
1710.937500,4.00000000E+0,3.71554899E+0,1.42225504E-1,
1712.890600,3.00000000E+0,3.71554899E+0,-4.13122416E-1,
1714.843800,4.00000000E+0,3.71554899E+0,1.42225504E-1,
1716.796900,4.00000000E+0,3.71554899E+0,1.42225504E-1,
1718.75000,4.00000000E+0,3.71554899E+0,1.42225504E-1,
1720.703100,7.00000000E+0,3.71554899E+0,1.24140584E+0,
1722.656300,4.00000000E+0,3.71554899E+0,1.42225504E-1,
1724.609400,5.00000000E+0,3.71554899E+0,5.74423969E-1,
1726.562500,2.00000000E+0,3.71554899E+0,-1.21307635E+0,
1728.515600,5.00000000E+0,3.71554899E+0,5.74423969E-1,
1730.468800,3.00000000E+0,3.71554899E+0,-4.13122416E-1,
1732.421900,7.00000000E+0,3.71554899E+0,1.24140584E+0,
1734.375000,6.00000000E+0,3.71554899E+0,9.32623208E-1,
1736.328100,1.00000000E+0,3.71554899E+0,-2.71554899E+0,
1738.281300,2.00000000E+0,3.71554899E+0,-1.21307635E+0,
1740.234400,7.00000000E+0,3.71554899E+0,1.24140584E+0,
1742.187500,6.00000000E+0,3.71554899E+0,9.32623208E-1,
1744.140600,1.00000000E+0,3.71554899E+0,-2.71554899E+0,
1746.093800,2.00000000E+0,3.71554899E+0,-1.21307635E+0,
1748.046900,5.00000000E+0,3.71554899E+0,5.74423969E-1,
1750.00,6.00000000E+0,3.71554899E+0,9.32623208E-1,
1751.953100,3.00000000E+0,3.71554899E+0,-4.13122416E-1,
1753.906300,4.00000000E+0,3.71554899E+0,1.42225504E-1,
1755.859400,5.00000000E+0,3.71554899E+0,5.74423969E-1,
1757.812500,7.00000000E+0,3.71554899E+0,1.24140584E+0,
1759.765600,5.00000000E+0,3.71554875E+0,5.74424088E-1,
1761.718800,4.00000000E+0,3.71554875E+0,1.42225623E-1,
1763.671900,4.00000000E+0,3.71554875E+0,1.42225623E-1,
1765.625000,9.00000000E+0,3.71554875E+0,1.76148379E+0,
1767.578100,6.00000000E+0,3.71554875E+0,9.32623327E-1,
1769.531300,4.00000000E+0,3.71554875E+0,1.42225623E-1,
1771.484400,4.00000000E+0,3.71554875E+0,1.42225623E-1,
1773.437500,3.00000000E+0,3.71554875E+0,-4.13122267E-1,
1775.390600,3.00000000E+0,3.71554875E+0,-4.13122267E-1,
1777.343800,9.00000000E+0,3.71554875E+0,1.76148379E+0,
1779.296900,4.00000000E+0,3.71554875E+0,1.42225623E-1,
1781.25000,2.00000000E+0,3.71554875E+0,-1.21307611E+0,
1783.203100,3.00000000E+0,3.71554875E+0,-4.13122267E-1,
1785.156300,8.00000000E+0,3.71554875E+0,1.51478231E+0,
1787.109400,4.00000000E+0,3.71554875E+0,1.42225623E-1,
1789.062500,6.00000000E+0,3.71554875E+0,9.32623327E-1,
1791.015600,4.00000000E+0,3.71554875E+0,1.42225623E-1,
1792.968800,6.00000000E+0,3.71554875E+0,9.32623327E-1,
1794.921900,0.00000000E+0,3.71554875E+0,-3.71554875E+0,
1796.875000,1.00000000E+1,3.71554875E+0,1.98731804E+0,
1798.828100,9.00000000E+0,3.71554875E+0,1.76148379E+0,
1800.781300,5.00000000E+0,3.71554875E+0,5.74424088E-1,
1802.734400,4.00000000E+0,3.71554875E+0,1.42225623E-1,
1804.687500,1.00000000E+0,3.71554875E+0,-2.71554875E+0,
1806.640600,3.00000000E+0,3.71554875E+0,-4.13122267E-1,
1808.593800,2.00000000E+0,3.71554875E+0,-1.21307611E+0,
1810.546900,6.00000000E+0,3.71554875E+0,9.32623327E-1,
1812.5000,7.00000000E+0,3.71554875E+0,1.24140596E+0,
1814.453100,4.00000000E+0,3.71554875E+0,1.42225623E-1,
1816.406300,2.00000000E+0,3.71554875E+0,-1.21307611E+0,
1818.359400,4.00000000E+0,3.71554875E+0,1.42225623E-1,
1820.312500,6.00000000E+0,3.71554875E+0,9.32623327E-1,
1822.265600,3.00000000E+0,3.71554875E+0,-4.13122267E-1,
1824.218800,4.00000000E+0,3.71554875E+0,1.42225623E-1,
1826.171900,6.00000000E+0,3.71554875E+0,9.32623327E-1,
1828.125000,5.00000000E+0,3.71554875E+0,5.74424088E-1,
1830.078100,6.00000000E+0,3.71554875E+0,9.32623327E-1,
1832.031300,8.00000000E+0,3.71554875E+0,1.51478231E+0,
1833.984400,6.00000000E+0,3.71554875E+0,9.32623327E-1,
1835.937500,7.00000000E+0,3.71554875E+0,1.24140596E+0,
1837.890600,6.00000000E+0,3.71554875E+0,9.32623327E-1,
1839.843800,4.00000000E+0,3.71554875E+0,1.42225623E-1,
1841.796900,3.00000000E+0,3.71554875E+0,-4.13122267E-1,
1843.75000,4.00000000E+0,3.71554875E+0,1.42225623E-1,
1845.703100,6.00000000E+0,3.71554875E+0,9.32623327E-1,
1847.656300,2.00000000E+0,3.71554875E+0,-1.21307611E+0,
1849.609400,1.00000000E+0,3.71554875E+0,-2.71554875E+0,
1851.562500,2.00000000E+0,3.71554875E+0,-1.21307611E+0,
1853.515600,2.00000000E+0,3.71554875E+0,-1.21307611E+0,
1855.468800,5.00000000E+0,3.71554875E+0,5.74424088E-1,
1857.421900,8.00000000E+0,3.71554875E+0,1.51478231E+0,
1859.375000,5.00000000E+0,3.71554875E+0,5.74424088E-1,
1861.328100,5.00000000E+0,3.71554875E+0,5.74424088E-1,
1863.281300,4.00000000E+0,3.71554875E+0,1.42225623E-1,
1865.234400,3.00000000E+0,3.71554875E+0,-4.13122267E-1,
1867.187500,8.00000000E+0,3.71554875E+0,1.51478231E+0,
1869.140600,4.00000000E+0,3.71554875E+0,1.42225623E-1,
1871.093800,5.00000000E+0,3.71554875E+0,5.74424088E-1,
1873.046900,4.00000000E+0,3.71554875E+0,1.42225623E-1,
1875.000,6.00000000E+0,3.71554875E+0,9.32623327E-1,
1876.953100,6.00000000E+0,3.71554875E+0,9.32623327E-1,
1878.906300,4.00000000E+0,3.71554875E+0,1.42225623E-1,
1880.859400,3.00000000E+0,3.71554875E+0,-4.13122267E-1,
1882.812500,3.00000000E+0,3.71554875E+0,-4.13122267E-1,
1884.765600,9.00000000E+0,3.71554875E+0,1.76148379E+0,
1886.718800,5.00000000E+0,3.71554875E+0,5.74424088E-1,
1888.671900,3.00000000E+0,3.71554875E+0,-4.13122267E-1,
1890.625000,5.00000000E+0,3.71554875E+0,5.74424088E-1,
1892.578100,3.00000000E+0,3.71554875E+0,-4.13122267E-1,
1894.531300,3.00000000E+0,3.71554875E+0,-4.13122267E-1,
1896.484400,5.00000000E+0,3.71554875E+0,5.74424088E-1,
1898.437500,4.00000000E+0,3.71554875E+0,1.42225623E-1,
1900.390600,7.00000000E+0,3.71554875E+0,1.24140596E+0,
1902.343800,0.00000000E+0,3.71554875E+0,-3.71554875E+0,
1904.296900,4.00000000E+0,3.71554875E+0,1.42225623E-1,
1906.25000,3.00000000E+0,3.71554875E+0,-4.13122267E-1,
1908.203100,3.00000000E+0,3.71554875E+0,-4.13122267E-1,
1910.156300,5.00000000E+0,3.71554875E+0,5.74424088E-1,
1912.109400,9.00000000E+0,3.71554875E+0,1.76148379E+0,
1914.062500,3.00000000E+0,3.71554875E+0,-4.13122267E-1,
1916.015600,0.00000000E+0,3.71554875E+0,-3.71554875E+0,
1917.968800,4.00000000E+0,3.71554875E+0,1.42225623E-1,
1919.921900,2.00000000E+0,3.71554875E+0,-1.21307611E+0,
1921.875000,4.00000000E+0,3.71554875E+0,1.42225623E-1,
1923.828100,4.00000000E+0,3.71554875E+0,1.42225623E-1,
1925.781300,8.00000000E+0,3.71554875E+0,1.51478231E+0,
1927.734400,6.00000000E+0,3.71554875E+0,9.32623327E-1,
1929.687500,0.00000000E+0,3.71554875E+0,-3.71554875E+0,
1931.640600,5.00000000E+0,3.71554875E+0,5.74424088E-1,
1933.593800,2.00000000E+0,3.71554875E+0,-1.21307611E+0,
1935.546900,9.00000000E+0,3.71554875E+0,1.76148379E+0,
1937.5000,1.00000000E+0,3.71554875E+0,-2.71554875E+0,
1939.453100,3.00000000E+0,3.71554875E+0,-4.13122267E-1,
1941.406300,6.00000000E+0,3.71554875E+0,9.32623327E-1,
1943.359400,4.00000000E+0,3.71554875E+0,1.42225623E-1,
1945.312500,9.00000000E+0,3.71554875E+0,1.76148379E+0,
1947.265600,4.00000000E+0,3.71554875E+0,1.42225623E-1,
1949.218800,4.00000000E+0,3.71554875E+0,1.42225623E-1,
1951.171900,4.00000000E+0,3.71554875E+0,1.42225623E-1,
1953.125000,6.00000000E+0,3.71554875E+0,9.32623327E-1,
1955.078100,5.00000000E+0,3.71554875E+0,5.74424088E-1,
1957.031300,8.00000000E+0,3.71554875E+0,1.51478231E+0,
1958.984400,3.00000000E+0,3.71554875E+0,-4.13122267E-1,
1960.937500,5.00000000E+0,3.71554875E+0,5.74424088E-1,
1962.890600,1.00000000E+0,3.71554875E+0,-2.71554875E+0,
1964.843800,4.00000000E+0,3.71554875E+0,1.42225623E-1,
1966.796900,6.00000000E+0,3.71554875E+0,9.32623327E-1,
1968.75000,6.00000000E+0,3.71554875E+0,9.32623327E-1,
1970.703100,5.00000000E+0,3.71554875E+0,5.74424088E-1,
1972.656300,1.00000000E+0,3.71554875E+0,-2.71554875E+0,
1974.609400,0.00000000E+0,3.71554875E+0,-3.71554875E+0,
1976.562500,5.00000000E+0,3.71554875E+0,5.74424088E-1,
1978.515600,1.20000000E+1,3.71554875E+0,2.39151502E+0,
1980.468800,5.00000000E+0,3.71554875E+0,5.74424088E-1,
1982.421900,4.00000000E+0,3.71554875E+0,1.42225623E-1,
1984.375000,6.00000000E+0,3.71554875E+0,9.32623327E-1,
1986.328100,4.00000000E+0,3.71554875E+0,1.42225623E-1,
1988.281300,3.00000000E+0,3.71554875E+0,-4.13122267E-1,
1990.234400,7.00000000E+0,3.71554875E+0,1.24140596E+0,
1992.187500,6.00000000E+0,3.71554875E+0,9.32623327E-1,
1994.140600,6.00000000E+0,3.71554875E+0,9.32623327E-1,
1996.093800,6.00000000E+0,3.71554875E+0,9.32623327E-1,
1998.046900,2.00000000E+0,3.71554875E+0,-1.21307611E+0,
