AD3-fit data

Labels,AD3,AD3F2,AD3F2R,
Type,Time Scan,Exponential Fit Time Scan,Weighted Residuals Time Scan,
Comment,,,,
Start,0.00,78.1250,78.1250,
Stop,1998.046900,1998.046900,1998.046900,
Step,1.9531250,1.9531250,1.9531250,
Fixed/Offset, , , ,
XAxis,Time(ns),Time,Time,
YAxis,Counts (a.u.),Counts (a.u.),Counts (a.u.),
Chi2,,0.97023118,,
dt,,,,
dtErr,,,,
A,,15.33030,,
Tau1,,51.791988,,
Tau2,,846.685290,,
Tau3,,,,
Tau4,,,,
B1,,11.363883,,
B2,,73.968185,,
B3,,,,
B4,,,,
Tau1Err,,35.203449,,
Tau2Err,,53.83880,,
Tau3Err,,,,
Tau4Err,,,,
B1Err,,4.0965533,,
B2Err,,1.2422042,,
B3Err,,,,
B4Err,,,,
TauAvInt,,839.284660,,
TauAvAmp,,740.827380,,
TauAvIntErr,,54.069594,,
TauAvAmpErr,,57.415523,,

0.00,0.00000000E+0, , ,
1.9531250,0.00000000E+0, , ,
3.906250,0.00000000E+0, , ,
5.8593750,0.00000000E+0, , ,
7.81250,0.00000000E+0, , ,
9.7656250,0.00000000E+0, , ,
11.718750,0.00000000E+0, , ,
13.671875,0.00000000E+0, , ,
15.6250,0.00000000E+0, , ,
17.578125,0.00000000E+0, , ,
19.531250,0.00000000E+0, , ,
21.484375,0.00000000E+0, , ,
23.43750,0.00000000E+0, , ,
25.390625,0.00000000E+0, , ,
27.343750,0.00000000E+0, , ,
29.296875,0.00000000E+0, , ,
31.250,0.00000000E+0, , ,
33.203125,0.00000000E+0, , ,
35.156250,0.00000000E+0, , ,
37.109375,0.00000000E+0, , ,
39.06250,0.00000000E+0, , ,
41.015625,1.30000000E+1, , ,
42.968750,2.40000000E+1, , ,
44.921875,2.60000000E+1, , ,
46.8750,1.40000000E+1, , ,
48.828125,1.80000000E+1, , ,
50.781250,2.70000000E+1, , ,
52.734375,2.30000000E+1, , ,
54.68750,3.10000000E+1, , ,
56.640625,2.10000000E+1, , ,
58.593750,2.00000000E+1, , ,
60.546875,3.20000000E+1, , ,
62.50,2.70000000E+1, , ,
64.453125,3.20000000E+1, , ,
66.406250,2.70000000E+1, , ,
68.359375,2.70000000E+1, , ,
70.31250,2.20000000E+1, , ,
72.265625,2.40000000E+1, , ,
74.218750,9.80000000E+1, , ,
76.171875,1.23000000E+2, , ,
78.1250,9.30000000E+1,1.00071358E+2,-7.33265638E-1,
80.078125,1.02000000E+2,9.94963150E+1,2.47901753E-1,
82.031250,1.03000000E+2,9.89366608E+1,4.00372714E-1,
83.984375,8.50000000E+1,9.83918228E+1,-1.45254719E+0,
85.93750,1.04000000E+2,9.78612823E+1,6.01950824E-1,
87.890625,8.10000000E+1,9.73445129E+1,-1.81605697E+0,
89.843750,1.03000000E+2,9.68410187E+1,6.06862485E-1,
91.796875,9.40000000E+1,9.63503265E+1,-2.42417663E-1,
93.750,9.90000000E+1,9.58719711E+1,3.14378738E-1,
95.703125,9.90000000E+1,9.54055176E+1,3.61259073E-1,
97.656250,1.03000000E+2,9.49505310E+1,7.93137729E-1,
99.609375,8.80000000E+1,9.45066071E+1,-6.93606675E-1,
101.562500,9.20000000E+1,9.40733414E+1,-2.16160789E-1,
103.515630,9.70000000E+1,9.36503525E+1,3.40105176E-1,
105.468750,9.70000000E+1,9.32372818E+1,3.82046133E-1,
107.421880,1.08000000E+2,9.28337708E+1,1.45937109E+0,
109.37500,1.06000000E+2,9.24394836E+1,1.31711376E+0,
111.328130,9.40000000E+1,9.20540848E+1,2.00705826E-1,
113.281250,9.00000000E+1,9.16772690E+1,-1.76799670E-1,
115.234380,1.02000000E+2,9.13087158E+1,1.05859494E+0,
117.187500,1.02000000E+2,9.09481430E+1,1.09429693E+0,
119.140630,8.70000000E+1,9.05952682E+1,-3.85453224E-1,
121.093750,9.10000000E+1,9.02498169E+1,7.86405578E-2,
123.046880,9.50000000E+1,8.99115372E+1,5.22065282E-1,
125.00,8.70000000E+1,8.95801544E+1,-2.76621580E-1,
126.953130,9.20000000E+1,8.92554474E+1,2.86139399E-1,
128.906250,1.04000000E+2,8.89371719E+1,1.47703183E+0,
130.859380,1.01000000E+2,8.86250992E+1,1.23134863E+0,
132.812500,9.60000000E+1,8.83190231E+1,7.83936441E-1,
134.765630,8.60000000E+1,8.80187302E+1,-2.17685267E-1,
136.718750,8.70000000E+1,8.77240219E+1,-7.76233003E-2,
138.671880,7.60000000E+1,8.74347000E+1,-1.31165004E+0,
140.62500,7.90000000E+1,8.71505737E+1,-9.17011201E-1,
142.578130,9.30000000E+1,8.68714676E+1,6.35499179E-1,
144.531250,7.30000000E+1,8.65972137E+1,-1.59143353E+0,
146.484380,8.90000000E+1,8.63276367E+1,2.83269942E-1,
148.437500,7.30000000E+1,8.60625839E+1,-1.52885985E+0,
150.390630,8.10000000E+1,8.58018951E+1,-5.33543885E-1,
152.343750,8.60000000E+1,8.55454254E+1,4.90180366E-2,
154.296880,8.10000000E+1,8.52930298E+1,-4.77003306E-1,
156.2500,8.40000000E+1,8.50445633E+1,-1.13971204E-1,
158.203130,9.60000000E+1,8.47999039E+1,1.14310503E+0,
160.156250,7.90000000E+1,8.45589142E+1,-6.25426710E-1,
162.109380,7.90000000E+1,8.43214798E+1,-5.98713279E-1,
164.062500,9.40000000E+1,8.40874710E+1,1.02239931E+0,
166.015630,6.90000000E+1,8.38567886E+1,-1.78854716E+0,
167.968750,8.70000000E+1,8.36293030E+1,3.61376643E-1,
169.921880,8.80000000E+1,8.34049225E+1,4.89836901E-1,
171.87500,8.10000000E+1,8.31835327E+1,-2.42614746E-1,
173.828130,7.50000000E+1,8.29650421E+1,-9.19723868E-1,
175.781250,8.30000000E+1,8.27493591E+1,2.75114086E-2,
177.734380,9.00000000E+1,8.25363846E+1,7.86734164E-1,
179.687500,8.20000000E+1,8.23260345E+1,-3.60044912E-2,
181.640630,7.40000000E+1,8.21182251E+1,-9.43724513E-1,
183.593750,7.70000000E+1,8.19128723E+1,-5.59873760E-1,
185.546880,7.90000000E+1,8.17098923E+1,-3.04886699E-1,
187.500,8.30000000E+1,8.15092239E+1,1.63633928E-1,
189.453130,7.80000000E+1,8.13107758E+1,-3.74871552E-1,
191.406250,7.40000000E+1,8.11144867E+1,-8.27042282E-1,
193.359380,8.00000000E+1,8.09202881E+1,-1.02891333E-1,
195.312500,8.90000000E+1,8.07281189E+1,8.76817644E-1,
197.265630,7.30000000E+1,8.05379105E+1,-8.82245660E-1,
199.218750,8.40000000E+1,8.03495941E+1,3.98291945E-1,
201.171880,9.40000000E+1,8.01631317E+1,1.42716396E+0,
203.12500,8.00000000E+1,7.99784546E+1,2.40885001E-3,
205.078130,9.20000000E+1,7.97955017E+1,1.27240694E+0,
207.031250,7.90000000E+1,7.96142273E+1,-6.91059679E-2,
208.984380,8.50000000E+1,7.94345932E+1,6.03653133E-1,
210.937500,6.90000000E+1,7.92565308E+1,-1.23474121E+0,
212.890630,7.30000000E+1,7.90800018E+1,-7.11610377E-1,
214.843750,7.90000000E+1,7.89049606E+1,1.06927641E-2,
216.796880,1.02000000E+2,7.87313690E+1,2.30393791E+0,
218.7500,6.70000000E+1,7.85591812E+1,-1.41217875E+0,
220.703130,9.50000000E+1,7.83883591E+1,1.70431840E+0,
222.656250,6.90000000E+1,7.82188492E+1,-1.10981905E+0,
224.609380,7.70000000E+1,7.80506363E+1,-1.19731121E-1,
226.562500,7.70000000E+1,7.78836746E+1,-1.00704066E-1,
228.515630,8.50000000E+1,7.77179184E+1,7.89852679E-1,
230.468750,7.30000000E+1,7.75533524E+1,-5.32929599E-1,
232.421880,8.10000000E+1,7.73899384E+1,4.01117951E-1,
234.37500,8.20000000E+1,7.72276382E+1,5.27019203E-1,
236.328130,8.40000000E+1,7.70664215E+1,7.56515443E-1,
238.281250,8.60000000E+1,7.69062729E+1,9.80601788E-1,
240.234380,7.70000000E+1,7.67471466E+1,2.88153179E-2,
242.187500,6.30000000E+1,7.65890350E+1,-1.71205759E+0,
244.140630,7.20000000E+1,7.64319000E+1,-5.22304416E-1,
246.093750,9.70000000E+1,7.62757111E+1,2.10423279E+0,
248.046880,8.20000000E+1,7.61204605E+1,6.49286509E-1,
250.00,6.40000000E+1,7.59661179E+1,-1.49576473E+0,
251.953130,6.00000000E+1,7.58126526E+1,-2.04140472E+0,
253.906250,8.80000000E+1,7.56600494E+1,1.31544316E+0,
255.859380,6.40000000E+1,7.55082932E+1,-1.43853664E+0,
257.812500,7.40000000E+1,7.53573532E+1,-1.57789111E-1,
259.765630,7.70000000E+1,7.52072144E+1,2.04306886E-1,
261.718750,7.20000000E+1,7.50578613E+1,-3.60372424E-1,
263.671880,8.30000000E+1,7.49092789E+1,8.88072014E-1,
265.62500,6.90000000E+1,7.47614365E+1,-6.93595469E-1,
267.578130,6.50000000E+1,7.46143341E+1,-1.19251132E+0,
269.531250,6.50000000E+1,7.44679413E+1,-1.17435360E+0,
271.484380,7.00000000E+1,7.43222427E+1,-5.16606808E-1,
273.437500,5.80000000E+1,7.41772385E+1,-2.12417555E+0,
275.390630,6.90000000E+1,7.40329056E+1,-6.05890632E-1,
277.343750,7.60000000E+1,7.38892212E+1,2.42122933E-1,
279.296880,7.70000000E+1,7.37461853E+1,3.70806605E-1,
281.2500,7.00000000E+1,7.36037750E+1,-4.30733502E-1,
283.203130,7.90000000E+1,7.34619827E+1,6.23075604E-1,
285.156250,7.70000000E+1,7.33208008E+1,4.19283658E-1,
287.109380,8.10000000E+1,7.31802063E+1,8.68865967E-1,
289.062500,6.70000000E+1,7.30401993E+1,-7.37927794E-1,
291.015630,8.60000000E+1,7.29007568E+1,1.41252768E+0,
292.968750,9.50000000E+1,7.27618790E+1,2.28158307E+0,
294.921880,7.70000000E+1,7.26235504E+1,4.98742729E-1,
296.87500,6.90000000E+1,7.24857712E+1,-4.19637531E-1,
298.828130,8.10000000E+1,7.23485107E+1,9.61276591E-1,
300.781250,6.60000000E+1,7.22117767E+1,-7.64616847E-1,
302.734380,8.20000000E+1,7.20755615E+1,1.09597087E+0,
304.687500,8.40000000E+1,7.19398422E+1,1.31587112E+0,
306.640630,7.00000000E+1,7.18046265E+1,-2.15694115E-1,
308.593750,5.80000000E+1,7.16698914E+1,-1.79494464E+0,
310.546880,7.10000000E+1,7.15356369E+1,-6.35684058E-2,
312.500,6.70000000E+1,7.14018631E+1,-5.37773192E-1,
314.453130,8.40000000E+1,7.12685547E+1,1.38911462E+0,
316.406250,7.80000000E+1,7.11356964E+1,7.77229309E-1,
318.359380,8.30000000E+1,7.10033035E+1,1.31680846E+0,
320.312500,6.60000000E+1,7.08713531E+1,-5.99622130E-1,
322.265630,7.40000000E+1,7.07398376E+1,3.78986180E-1,
324.218750,8.00000000E+1,7.06087646E+1,1.04997206E+0,
326.171880,7.50000000E+1,7.04781189E+1,5.22141874E-1,
328.12500,6.70000000E+1,7.03478851E+1,-4.09009248E-1,
330.078130,7.00000000E+1,7.02180786E+1,-2.60653794E-2,
332.031250,7.10000000E+1,7.00886765E+1,1.08154207E-1,
333.984380,5.80000000E+1,6.99596863E+1,-1.57038379E+0,
335.937500,7.30000000E+1,6.98310928E+1,3.70892525E-1,
337.890630,7.70000000E+1,6.97028961E+1,8.31582189E-1,
339.843750,7.00000000E+1,6.95750961E+1,5.07857278E-2,
341.796880,8.00000000E+1,6.94476776E+1,1.17978549E+0,
343.7500,6.80000000E+1,6.93206482E+1,-1.60152122E-1,
345.703130,7.50000000E+1,6.91940002E+1,6.70419097E-1,
347.656250,7.50000000E+1,6.90677185E+1,6.85000896E-1,
349.609380,7.00000000E+1,6.89418182E+1,1.26476914E-1,
351.562500,7.20000000E+1,6.88162766E+1,3.75205398E-1,
353.515630,6.60000000E+1,6.86911011E+1,-3.31251651E-1,
355.468750,6.80000000E+1,6.85662842E+1,-6.86720461E-2,
357.421880,6.80000000E+1,6.84418335E+1,-5.35801798E-2,
359.37500,6.60000000E+1,6.83177261E+1,-2.85292357E-1,
361.328130,6.70000000E+1,6.81939697E+1,-1.45866618E-1,
363.281250,6.30000000E+1,6.80705643E+1,-6.38831079E-1,
365.234380,6.50000000E+1,6.79475021E+1,-3.65592659E-1,
367.187500,6.80000000E+1,6.78247757E+1,2.12490689E-2,
369.140630,8.40000000E+1,6.77023926E+1,1.77821481E+0,
371.093750,7.30000000E+1,6.75803452E+1,6.34322643E-1,
373.046880,5.40000000E+1,6.74586258E+1,-1.83148694E+0,
375.00,7.10000000E+1,6.73372421E+1,4.34689373E-1,
376.953130,7.50000000E+1,6.72161789E+1,8.98798227E-1,
378.906250,6.40000000E+1,6.70954437E+1,-3.86930466E-1,
380.859380,7.70000000E+1,6.69750290E+1,1.14245152E+0,
382.812500,6.80000000E+1,6.68549347E+1,1.38859570E-1,
384.765630,6.50000000E+1,6.67351532E+1,-2.15219259E-1,
386.718750,7.10000000E+1,6.66156921E+1,5.20321608E-1,
388.671880,7.50000000E+1,6.64965439E+1,9.81894553E-1,
390.62500,6.20000000E+1,6.63777084E+1,-5.55969536E-1,
392.578130,6.80000000E+1,6.62591705E+1,2.11106583E-1,
394.531250,6.60000000E+1,6.61409531E+1,-1.73501223E-2,
396.484380,7.40000000E+1,6.60230331E+1,9.27303553E-1,
398.437500,6.00000000E+1,6.59054184E+1,-7.62386262E-1,
400.390630,7.00000000E+1,6.57881012E+1,5.03418207E-1,
402.343750,7.40000000E+1,6.56710815E+1,9.68217134E-1,
404.296880,7.20000000E+1,6.55543671E+1,7.59625137E-1,
406.2500,6.80000000E+1,6.54379425E+1,3.10695112E-1,
408.203130,6.10000000E+1,6.53218155E+1,-5.53351760E-1,
410.156250,6.90000000E+1,6.52059784E+1,4.56746519E-1,
412.109380,6.50000000E+1,6.50904388E+1,-1.12175578E-2,
414.062500,6.70000000E+1,6.49751816E+1,2.47370943E-1,
416.015630,7.30000000E+1,6.48602142E+1,9.52689886E-1,
417.968750,6.40000000E+1,6.47455292E+1,-9.31911469E-2,
419.921880,5.80000000E+1,6.46311340E+1,-8.70710552E-1,
421.87500,8.20000000E+1,6.45170212E+1,1.93067205E+0,
423.828130,7.50000000E+1,6.44031906E+1,1.22361422E+0,
425.781250,7.20000000E+1,6.42896423E+1,9.08674359E-1,
427.734380,6.90000000E+1,6.41763687E+1,5.80697000E-1,
429.687500,6.60000000E+1,6.40633774E+1,2.38381773E-1,
431.640630,6.50000000E+1,6.39506607E+1,1.30154520E-1,
433.593750,5.80000000E+1,6.38382225E+1,-7.66596198E-1,
435.546880,7.10000000E+1,6.37260551E+1,8.63258421E-1,
437.500,6.40000000E+1,6.36141624E+1,4.82296944E-2,
439.453130,5.90000000E+1,6.35025406E+1,-5.86180866E-1,
441.406250,6.40000000E+1,6.33911896E+1,7.61013031E-2,
443.359380,6.30000000E+1,6.32801132E+1,-3.52909490E-2,
445.312500,6.10000000E+1,6.31693001E+1,-2.77750403E-1,
447.265630,6.70000000E+1,6.30587578E+1,4.81499374E-1,
449.218750,6.70000000E+1,6.29484787E+1,4.94972110E-1,
451.171880,6.00000000E+1,6.28384628E+1,-3.66443992E-1,
453.12500,7.60000000E+1,6.27287140E+1,1.52232087E+0,
455.078130,4.40000000E+1,6.26192284E+1,-2.80695438E+0,
457.031250,6.50000000E+1,6.25100060E+1,3.08845758E-1,
458.984380,5.90000000E+1,6.24010429E+1,-4.42778081E-1,
460.937500,6.40000000E+1,6.22923431E+1,2.13457108E-1,
462.890630,7.00000000E+1,6.21838989E+1,9.34202790E-1,
464.843750,6.30000000E+1,6.20757179E+1,1.16448596E-1,
466.796880,6.80000000E+1,6.19677887E+1,7.31513083E-1,
468.7500,6.40000000E+1,6.18601227E+1,2.67484665E-1,
470.703130,5.70000000E+1,6.17527122E+1,-6.29512131E-1,
472.656250,5.40000000E+1,6.16455536E+1,-1.04042804E+0,
474.609380,5.60000000E+1,6.15386505E+1,-7.40133345E-1,
476.562500,7.00000000E+1,6.14319992E+1,1.02407193E+0,
478.515630,7.60000000E+1,6.13256035E+1,1.68326879E+0,
480.468750,6.10000000E+1,6.12194519E+1,-2.80979369E-2,
482.421880,5.60000000E+1,6.11135597E+1,-6.83328152E-1,
484.37500,5.70000000E+1,6.10079155E+1,-5.30861378E-1,
486.328130,5.00000000E+1,6.09025192E+1,-1.54184902E+0,
488.281250,6.40000000E+1,6.07973747E+1,4.00328159E-1,
490.234380,6.00000000E+1,6.06924706E+1,-8.93975645E-2,
492.187500,6.50000000E+1,6.05878181E+1,5.47263801E-1,
494.140630,5.20000000E+1,6.04834099E+1,-1.17643726E+0,
496.093750,6.50000000E+1,6.03792458E+1,5.73134005E-1,
498.046880,5.50000000E+1,6.02753296E+1,-7.11325288E-1,
500.00,5.50000000E+1,6.01716537E+1,-6.97345614E-1,
501.953130,4.90000000E+1,6.00682220E+1,-1.58117461E+0,
503.906250,7.10000000E+1,5.99650345E+1,1.30960941E+0,
505.859380,6.90000000E+1,5.98620872E+1,1.10007548E+0,
507.812500,5.90000000E+1,5.97593803E+1,-9.88629013E-2,
509.765630,6.90000000E+1,5.96569138E+1,1.12477541E+0,
511.718750,5.70000000E+1,5.95546875E+1,-3.38376641E-1,
513.671880,6.50000000E+1,5.94527016E+1,6.88057661E-1,
515.62500,4.90000000E+1,5.93509521E+1,-1.47870743E+0,
517.578130,7.50000000E+1,5.92494431E+1,1.81871772E+0,
519.531250,6.50000000E+1,5.91481705E+1,7.25830138E-1,
521.484380,7.70000000E+1,5.90471344E+1,2.04591894E+0,
523.437500,6.90000000E+1,5.89463272E+1,1.21032000E+0,
525.390630,5.10000000E+1,5.88457603E+1,-1.09862626E+0,
527.343750,6.20000000E+1,5.87454262E+1,4.13331270E-1,
529.296880,6.00000000E+1,5.86453285E+1,1.74887344E-1,
531.2500,5.10000000E+1,5.85454636E+1,-1.05657625E+0,
533.203130,6.40000000E+1,5.84458275E+1,6.94271564E-1,
535.156250,5.90000000E+1,5.83464241E+1,8.50883350E-2,
537.109380,4.00000000E+1,5.82472534E+1,-2.88514400E+0,
539.062500,5.60000000E+1,5.81483154E+1,-2.87080735E-1,
541.015630,4.70000000E+1,5.80496025E+1,-1.61175013E+0,
542.968750,6.30000000E+1,5.79511223E+1,6.36098802E-1,
544.921880,5.30000000E+1,5.78528671E+1,-6.66592598E-1,
546.87500,6.70000000E+1,5.77548447E+1,1.12947547E+0,
548.828130,5.40000000E+1,5.76570473E+1,-4.97661114E-1,
550.781250,5.80000000E+1,5.75594788E+1,5.78432716E-2,
552.734380,6.30000000E+1,5.74621353E+1,6.97705388E-1,
554.687500,6.80000000E+1,5.73650169E+1,1.28968108E+0,
556.640630,5.50000000E+1,5.72681274E+1,-3.05834234E-1,
558.593750,5.70000000E+1,5.71714592E+1,-2.27103252E-2,
560.546880,7.00000000E+1,5.70750160E+1,1.54483104E+0,
562.500,5.30000000E+1,5.69787941E+1,-5.46529412E-1,
564.453130,6.60000000E+1,5.68828011E+1,1.12224960E+0,
566.406250,6.20000000E+1,5.67870255E+1,6.62048399E-1,
568.359380,5.20000000E+1,5.66914749E+1,-6.50590539E-1,
570.312500,5.70000000E+1,5.65961456E+1,5.34918196E-2,
572.265630,6.40000000E+1,5.65010376E+1,9.37370300E-1,
574.218750,5.20000000E+1,5.64061432E+1,-6.11022115E-1,
576.171880,4.70000000E+1,5.63114738E+1,-1.35821807E+0,
578.12500,6.10000000E+1,5.62170258E+1,6.12397075E-1,
580.078130,5.00000000E+1,5.61227913E+1,-8.65893424E-1,
582.031250,6.10000000E+1,5.60287743E+1,6.36500239E-1,
583.984380,5.60000000E+1,5.59349747E+1,8.68937559E-3,
585.937500,5.80000000E+1,5.58413963E+1,2.83438534E-1,
587.890630,4.40000000E+1,5.57480354E+1,-1.77108300E+0,
589.843750,5.00000000E+1,5.56548843E+1,-7.99721420E-1,
591.796880,6.70000000E+1,5.55619507E+1,1.39738011E+0,
593.7500,5.00000000E+1,5.54692345E+1,-7.73466527E-1,
595.703130,4.60000000E+1,5.53767281E+1,-1.38252318E+0,
597.656250,6.00000000E+1,5.52844391E+1,6.08776331E-1,
599.609380,4.00000000E+1,5.51923637E+1,-2.40212369E+0,
601.562500,5.70000000E+1,5.51004982E+1,2.51595169E-1,
603.515630,5.60000000E+1,5.50088463E+1,1.32448494E-1,
605.468750,5.60000000E+1,5.49174080E+1,1.44667447E-1,
607.421880,6.80000000E+1,5.48261795E+1,1.59756041E+0,
609.37500,6.60000000E+1,5.47351608E+1,1.38660586E+0,
611.328130,6.40000000E+1,5.46443520E+1,1.16945601E+0,
613.281250,6.40000000E+1,5.45537567E+1,1.18078041E+0,
615.234380,5.20000000E+1,5.44633675E+1,-3.41607600E-1,
617.187500,4.70000000E+1,5.43731842E+1,-1.07548940E+0,
619.140630,6.00000000E+1,5.42832146E+1,7.38033831E-1,
621.093750,6.00000000E+1,5.41934509E+1,7.49622285E-1,
623.046880,6.00000000E+1,5.41038933E+1,7.61184096E-1,
625.00,5.40000000E+1,5.40145454E+1,-1.97938387E-3,
626.953130,6.70000000E+1,5.39253998E+1,1.59731662E+0,
628.906250,5.70000000E+1,5.38364639E+1,4.19020593E-1,
630.859380,4.50000000E+1,5.37477341E+1,-1.30403519E+0,
632.812500,4.40000000E+1,5.36592064E+1,-1.45618021E+0,
634.765630,6.30000000E+1,5.35708847E+1,1.18795693E+0,
636.718750,5.50000000E+1,5.34827652E+1,2.04583898E-1,
638.671880,5.50000000E+1,5.33948479E+1,2.16438666E-1,
640.62500,5.00000000E+1,5.33071365E+1,-4.67699736E-1,
642.578130,4.60000000E+1,5.32196236E+1,-1.06447542E+0,
644.531250,5.40000000E+1,5.31323128E+1,1.18077278E-1,
646.484380,4.90000000E+1,5.30452080E+1,-5.77886820E-1,
648.437500,5.50000000E+1,5.29583015E+1,2.75302559E-1,
650.390630,5.70000000E+1,5.28715935E+1,5.46820819E-1,
652.343750,6.70000000E+1,5.27850876E+1,1.73662794E+0,
654.296880,6.20000000E+1,5.26987801E+1,1.18125606E+0,
656.2500,4.40000000E+1,5.26126709E+1,-1.29840899E+0,
658.203130,5.10000000E+1,5.25267639E+1,-2.13789716E-1,
660.156250,5.00000000E+1,5.24410515E+1,-3.45216811E-1,
662.109380,4.80000000E+1,5.23555412E+1,-6.28668249E-1,
664.062500,4.50000000E+1,5.22702255E+1,-1.08378124E+0,
666.015630,5.70000000E+1,5.21851044E+1,6.37748480E-1,
667.968750,6.40000000E+1,5.21001816E+1,1.48747730E+0,
669.921880,5.60000000E+1,5.20154533E+1,5.32457471E-1,
671.87500,5.20000000E+1,5.19309235E+1,9.57919285E-3,
673.828130,4.80000000E+1,5.18465843E+1,-5.55206656E-1,
675.781250,5.40000000E+1,5.17624435E+1,3.04492861E-1,
677.734380,4.60000000E+1,5.16784935E+1,-8.37248206E-1,
679.687500,4.20000000E+1,5.15947418E+1,-1.48050082E+0,
681.640630,6.00000000E+1,5.15111771E+1,1.09590232E+0,
683.593750,4.80000000E+1,5.14278107E+1,-4.94761854E-1,
685.546880,4.40000000E+1,5.13446350E+1,-1.10724545E+0,
687.500,4.60000000E+1,5.12616501E+1,-7.75788009E-1,
689.453130,6.20000000E+1,5.11788521E+1,1.37428713E+0,
691.406250,5.20000000E+1,5.10962524E+1,1.25327244E-1,
693.359380,4.10000000E+1,5.10138397E+1,-1.56389904E+0,
695.312500,5.20000000E+1,5.09316177E+1,1.48157969E-1,
697.265630,4.90000000E+1,5.08495827E+1,-2.64226079E-1,
699.218750,5.10000000E+1,5.07677383E+1,3.25231366E-2,
701.171880,4.30000000E+1,5.06860847E+1,-1.17211688E+0,
703.12500,5.00000000E+1,5.06046181E+1,-8.55059102E-2,
705.078130,5.10000000E+1,5.05233383E+1,6.67459890E-2,
707.031250,4.90000000E+1,5.04422493E+1,-2.06035614E-1,
708.984380,5.30000000E+1,5.03613434E+1,3.62447351E-1,
710.937500,5.20000000E+1,5.02806244E+1,2.38434508E-1,
712.890630,5.00000000E+1,5.02000923E+1,-2.82973256E-2,
714.843750,5.20000000E+1,5.01197472E+1,2.60744154E-1,
716.796880,5.00000000E+1,5.00395851E+1,-5.59818046E-3,
718.7500,4.40000000E+1,4.99596062E+1,-8.98444474E-1,
720.703130,3.90000000E+1,4.98798141E+1,-1.74216461E+0,
722.656250,4.50000000E+1,4.98002052E+1,-7.15572357E-1,
724.609380,4.90000000E+1,4.97207794E+1,-1.02968484E-1,
726.562500,5.00000000E+1,4.96415367E+1,5.06943651E-2,
728.515630,5.80000000E+1,4.95624809E+1,1.10790050E+0,
730.468750,6.50000000E+1,4.94836044E+1,1.92457199E+0,
732.421880,4.30000000E+1,4.94049072E+1,-9.76739168E-1,
734.37500,5.40000000E+1,4.93263931E+1,6.35997355E-1,
736.328130,6.60000000E+1,4.92480583E+1,2.06202149E+0,
738.281250,4.10000000E+1,4.91699066E+1,-1.27592504E+0,
740.234380,5.10000000E+1,4.90919342E+1,2.67182648E-1,
742.187500,5.30000000E+1,4.90141411E+1,5.47499835E-1,
744.140630,4.50000000E+1,4.89365273E+1,-5.86822867E-1,
746.093750,4.00000000E+1,4.88590965E+1,-1.40074611E+0,
748.046880,4.70000000E+1,4.87818413E+1,-2.59908259E-1,
750.00,5.60000000E+1,4.87047615E+1,9.74867284E-1,
751.953130,5.80000000E+1,4.86278610E+1,1.23062217E+0,
753.906250,5.40000000E+1,4.85511398E+1,7.41495967E-1,
755.859380,6.00000000E+1,4.84745941E+1,1.48792350E+0,
757.812500,4.70000000E+1,4.83982239E+1,-2.03951910E-1,
759.765630,4.60000000E+1,4.83220291E+1,-3.42364520E-1,
761.718750,4.60000000E+1,4.82460098E+1,-3.31156075E-1,
763.671880,5.10000000E+1,4.81701660E+1,3.96256030E-1,
765.62500,5.10000000E+1,4.80945015E+1,4.06851172E-1,
767.578130,4.00000000E+1,4.80190086E+1,-1.26791656E+0,
769.531250,4.60000000E+1,4.79436874E+1,-2.86581069E-1,
771.484380,4.90000000E+1,4.78685417E+1,1.61636889E-1,
773.437500,4.40000000E+1,4.77935677E+1,-5.71901858E-1,
775.390630,4.90000000E+1,4.77187653E+1,1.83033526E-1,
777.343750,3.80000000E+1,4.76441383E+1,-1.56448579E+0,
779.296880,4.10000000E+1,4.75696831E+1,-1.02601206E+0,
781.2500,4.60000000E+1,4.74953995E+1,-2.20484629E-1,
783.203130,4.40000000E+1,4.74212837E+1,-5.15777946E-1,
785.156250,4.50000000E+1,4.73473434E+1,-3.49921316E-1,
787.109380,5.50000000E+1,4.72735710E+1,1.04183149E+0,
789.062500,6.00000000E+1,4.71999702E+1,1.65247679E+0,
791.015630,4.50000000E+1,4.71265373E+1,-3.17005485E-1,
792.968750,3.90000000E+1,4.70532722E+1,-1.28955567E+0,
794.921880,5.00000000E+1,4.69801788E+1,4.27067190E-1,
796.87500,3.90000000E+1,4.69072533E+1,-1.26617384E+0,
798.828130,4.10000000E+1,4.68344955E+1,-9.11195099E-1,
800.781250,4.20000000E+1,4.67619057E+1,-7.34777987E-1,
802.734380,5.50000000E+1,4.66894798E+1,1.12059033E+0,
804.687500,4.40000000E+1,4.66172256E+1,-3.94561619E-1,
806.640630,5.00000000E+1,4.65451355E+1,4.88591611E-1,
808.593750,4.30000000E+1,4.64732132E+1,-5.29660046E-1,
810.546880,5.00000000E+1,4.64014549E+1,5.08911133E-1,
812.500,4.70000000E+1,4.63298607E+1,9.77498665E-2,
814.453130,4.30000000E+1,4.62584343E+1,-4.96906579E-1,
816.406250,5.10000000E+1,4.61871719E+1,6.73930764E-1,
818.359380,4.50000000E+1,4.61160736E+1,-1.66374430E-1,
820.312500,4.80000000E+1,4.60451393E+1,2.82159835E-1,
822.265630,5.10000000E+1,4.59743690E+1,7.03729093E-1,
824.218750,4.00000000E+1,4.59037590E+1,-9.33466256E-1,
826.171880,3.30000000E+1,4.58333130E+1,-2.23399305E+0,
828.12500,4.90000000E+1,4.57630310E+1,4.62424129E-1,
830.078130,3.50000000E+1,4.56929092E+1,-1.80743158E+0,
832.031250,4.60000000E+1,4.56229515E+1,5.55927679E-2,
833.984380,6.30000000E+1,4.55531540E+1,2.19809604E+0,
835.937500,4.10000000E+1,4.54835129E+1,-7.00207055E-1,
837.890630,4.10000000E+1,4.54140358E+1,-6.89356565E-1,
839.843750,4.80000000E+1,4.53447189E+1,3.83256823E-1,
841.796880,5.50000000E+1,4.52755623E+1,1.31124294E+0,
843.7500,3.80000000E+1,4.52065659E+1,-1.16905940E+0,
845.703130,6.10000000E+1,4.51377258E+1,2.03095603E+0,
847.656250,4.00000000E+1,4.50690422E+1,-8.01485956E-1,
849.609380,3.70000000E+1,4.50005188E+1,-1.31527722E+0,
851.562500,4.50000000E+1,4.49321556E+1,1.01136444E-2,
853.515630,5.40000000E+1,4.48639488E+1,1.24325907E+0,
855.468750,4.10000000E+1,4.47958984E+1,-5.92819750E-1,
857.421880,4.20000000E+1,4.47280083E+1,-4.20940816E-1,
859.37500,4.80000000E+1,4.46602707E+1,4.82048422E-1,
861.328130,4.70000000E+1,4.45926895E+1,3.51142317E-1,
863.281250,4.40000000E+1,4.45252686E+1,-7.91872144E-2,
865.234380,5.30000000E+1,4.44579964E+1,1.17333448E+0,
867.187500,4.50000000E+1,4.43908806E+1,9.08021629E-2,
869.140630,5.30000000E+1,4.43239212E+1,1.19175112E+0,
871.093750,5.30000000E+1,4.42571182E+1,1.20092714E+0,
873.046880,4.60000000E+1,4.41904640E+1,2.66801536E-1,
875.00,6.10000000E+1,4.41239700E+1,2.16075420E+0,
876.953130,5.70000000E+1,4.40576248E+1,1.71425951E+0,
878.906250,4.50000000E+1,4.39914322E+1,1.50348410E-1,
880.859380,4.60000000E+1,4.39253960E+1,3.05883676E-1,
882.812500,4.40000000E+1,4.38595085E+1,2.11798884E-2,
884.765630,3.90000000E+1,4.37937698E+1,-7.67617524E-1,
886.718750,4.40000000E+1,4.37281876E+1,4.09772694E-2,
888.671880,4.30000000E+1,4.36627541E+1,-1.01069048E-1,
890.62500,4.90000000E+1,4.35974731E+1,7.71789551E-1,
892.578130,3.70000000E+1,4.35323410E+1,-1.07391024E+0,
894.531250,4.70000000E+1,4.34673615E+1,5.15288293E-1,
896.484380,5.20000000E+1,4.34025269E+1,1.19225502E+0,
898.437500,3.10000000E+1,4.33378448E+1,-2.21594238E+0,
900.390630,3.90000000E+1,4.32733116E+1,-6.84277475E-1,
902.343750,3.60000000E+1,4.32089272E+1,-1.20148790E+0,
904.296880,3.90000000E+1,4.31446915E+1,-6.63681805E-1,
906.2500,4.10000000E+1,4.30806046E+1,-3.24935824E-1,
908.203130,4.20000000E+1,4.30166626E+1,-1.56874448E-1,
910.156250,5.80000000E+1,4.29528694E+1,1.97578502E+0,
912.109380,4.80000000E+1,4.28892250E+1,7.37676859E-1,
914.062500,4.00000000E+1,4.28257256E+1,-4.46786433E-1,
916.015630,4.00000000E+1,4.27623711E+1,-4.36769217E-1,
917.968750,3.80000000E+1,4.26991615E+1,-7.62304664E-1,
919.921880,4.40000000E+1,4.26361008E+1,2.05615550E-1,
921.87500,4.00000000E+1,4.25731850E+1,-4.06856269E-1,
923.828130,3.80000000E+1,4.25104141E+1,-7.31685817E-1,
925.781250,4.80000000E+1,4.24477882E+1,8.01392734E-1,
927.734380,4.30000000E+1,4.23853035E+1,9.37403366E-2,
929.687500,4.00000000E+1,4.23229675E+1,-3.67293417E-1,
931.640630,4.50000000E+1,4.22607689E+1,4.08340484E-1,
933.593750,4.20000000E+1,4.21987190E+1,-3.06630116E-2,
935.546880,4.50000000E+1,4.21368103E+1,4.26819116E-1,
937.500,4.70000000E+1,4.20750427E+1,7.18378842E-1,
939.453130,4.50000000E+1,4.20134201E+1,4.45213050E-1,
941.406250,4.20000000E+1,4.19519348E+1,7.41661899E-3,
943.359380,3.80000000E+1,4.18905945E+1,-6.31137788E-1,
945.312500,4.00000000E+1,4.18293991E+1,-2.89253414E-1,
947.265630,4.60000000E+1,4.17683411E+1,6.23924077E-1,
949.218750,4.60000000E+1,4.17074242E+1,6.32905781E-1,
951.171880,3.20000000E+1,4.16466484E+1,-1.70530260E+0,
953.12500,3.20000000E+1,4.15860138E+1,-1.69458389E+0,
955.078130,2.70000000E+1,4.15255165E+1,-2.79543686E+0,
957.031250,3.60000000E+1,4.14651566E+1,-9.10859406E-1,
958.984380,4.40000000E+1,4.14049377E+1,3.91220361E-1,
960.937500,3.50000000E+1,4.13448601E+1,-1.07247710E+0,
962.890630,3.30000000E+1,4.12849197E+1,-1.44221938E+0,
964.843750,4.10000000E+1,4.12251167E+1,-3.51573266E-2,
966.796880,3.80000000E+1,4.11654510E+1,-5.13503969E-1,
968.7500,3.30000000E+1,4.11059227E+1,-1.41106009E+0,
970.703130,4.40000000E+1,4.10465317E+1,4.45252120E-1,
972.656250,4.40000000E+1,4.09872818E+1,4.54184353E-1,
974.609380,4.70000000E+1,4.09281616E+1,8.85668635E-1,
976.562500,4.20000000E+1,4.08691826E+1,1.74488917E-1,
978.515630,4.40000000E+1,4.08103371E+1,4.80859786E-1,
980.468750,4.00000000E+1,4.07516289E+1,-1.18842959E-1,
982.421880,3.50000000E+1,4.06930542E+1,-9.62301791E-1,
984.37500,4.00000000E+1,4.06346169E+1,-1.00341737E-1,
986.328130,3.70000000E+1,4.05763092E+1,-5.87941647E-1,
988.281250,3.80000000E+1,4.05181427E+1,-4.08496678E-1,
990.234380,4.50000000E+1,4.04601059E+1,6.76767468E-1,
992.187500,2.80000000E+1,4.04022026E+1,-2.34379601E+0,
994.140630,4.50000000E+1,4.03444328E+1,6.94010973E-1,
996.093750,3.40000000E+1,4.02868004E+1,-1.07817733E+0,
998.046880,5.70000000E+1,4.02292976E+1,2.22133374E+0,
1000.00,4.50000000E+1,4.01719246E+1,7.19726980E-1,
1001.953100,3.90000000E+1,4.01146851E+1,-1.78492457E-1,
1003.906300,4.70000000E+1,4.00575790E+1,1.01265621E+0,
1005.859400,4.20000000E+1,4.00006027E+1,3.08513701E-1,
1007.812500,4.40000000E+1,3.99437599E+1,6.11501217E-1,
1009.765600,4.30000000E+1,3.98870468E+1,4.74720895E-1,
1011.718800,4.90000000E+1,3.98304634E+1,1.30993378E+0,
1013.671900,3.60000000E+1,3.97740135E+1,-6.29002273E-1,
1015.625000,3.30000000E+1,3.97176933E+1,-1.16940033E+0,
1017.578100,3.70000000E+1,3.96614990E+1,-4.37547743E-1,
1019.531300,3.90000000E+1,3.96054382E+1,-9.69477072E-2,
1021.484400,3.80000000E+1,3.95495071E+1,-2.51363248E-1,
1023.437500,4.80000000E+1,3.94937019E+1,1.22777843E+0,
1025.390600,4.80000000E+1,3.94380264E+1,1.23581445E+0,
1027.343800,3.10000000E+1,3.93824768E+1,-1.50553727E+0,
1029.296900,3.50000000E+1,3.93270569E+1,-7.31406093E-1,
1031.25000,4.30000000E+1,3.92717667E+1,5.68550229E-1,
1033.203100,4.20000000E+1,3.92166023E+1,4.29487586E-1,
1035.156300,2.60000000E+1,3.91615639E+1,-2.58119512E+0,
1037.109400,5.30000000E+1,3.91066551E+1,1.90839767E+0,
1039.062500,3.50000000E+1,3.90518684E+1,-6.84890747E-1,
1041.015600,3.60000000E+1,3.89972115E+1,-4.99535233E-1,
1042.968800,4.10000000E+1,3.89426804E+1,3.21299344E-1,
1044.921900,3.90000000E+1,3.88882751E+1,1.78902950E-2,
1046.875000,4.20000000E+1,3.88339958E+1,4.88525063E-1,
1048.828100,3.90000000E+1,3.87798386E+1,3.52540463E-2,
1050.781300,3.30000000E+1,3.87258072E+1,-9.96735096E-1,
1052.734400,4.40000000E+1,3.86718979E+1,8.03241611E-1,
1054.687500,3.90000000E+1,3.86181183E+1,6.11500144E-2,
1056.640600,4.60000000E+1,3.85644608E+1,1.09631050E+0,
1058.593800,3.70000000E+1,3.85109291E+1,-2.48395219E-1,
1060.546900,3.60000000E+1,3.84575157E+1,-4.09585953E-1,
1062.5000,2.80000000E+1,3.84042282E+1,-1.96621442E+0,
1064.453100,4.80000000E+1,3.83510590E+1,1.39270473E+0,
1066.406300,3.50000000E+1,3.82980194E+1,-5.57467043E-1,
1068.359400,4.30000000E+1,3.82450981E+1,7.25115716E-1,
1070.312500,4.60000000E+1,3.81922989E+1,1.15118277E+0,
1072.265600,4.90000000E+1,3.81396179E+1,1.55148315E+0,
1074.218800,5.90000000E+1,3.80870628E+1,2.72263241E+0,
1076.171900,3.30000000E+1,3.80346298E+1,-8.76416564E-1,
1078.125000,4.10000000E+1,3.79823151E+1,4.71283197E-1,
1080.078100,4.20000000E+1,3.79301224E+1,6.27995729E-1,
1082.031300,3.60000000E+1,3.78780479E+1,-3.13007981E-1,
1083.984400,4.40000000E+1,3.78260956E+1,9.30751145E-1,
1085.937500,4.30000000E+1,3.77742615E+1,7.96917677E-1,
1087.890600,2.80000000E+1,3.77225494E+1,-1.83738923E+0,
1089.843800,4.00000000E+1,3.76709518E+1,3.68254840E-1,
1091.796900,4.80000000E+1,3.76194763E+1,1.49829960E+0,
1093.75000,2.60000000E+1,3.75681190E+1,-2.26869488E+0,
1095.703100,4.20000000E+1,3.75168800E+1,6.91760421E-1,
1097.656300,4.20000000E+1,3.74657593E+1,6.99648559E-1,
1099.609400,4.10000000E+1,3.74147568E+1,5.59920907E-1,
1101.562500,5.00000000E+1,3.73638725E+1,1.78701830E+0,
1103.515600,3.90000000E+1,3.73131027E+1,2.70119756E-1,
1105.468800,4.20000000E+1,3.72624512E+1,7.31019676E-1,
1107.421900,4.10000000E+1,3.72119141E+1,5.91599643E-1,
1109.375000,3.10000000E+1,3.71614952E+1,-1.10663724E+0,
1111.328100,4.10000000E+1,3.71111946E+1,6.07329369E-1,
1113.281300,4.20000000E+1,3.70610085E+1,7.62102962E-1,
1115.234400,4.20000000E+1,3.70109367E+1,7.69829154E-1,
1117.187500,3.80000000E+1,3.69609833E+1,1.68550774E-1,
1119.140600,3.70000000E+1,3.69111443E+1,1.46077946E-2,
1121.093800,3.90000000E+1,3.68614197E+1,3.42446923E-1,
1123.046900,3.50000000E+1,3.68118057E+1,-3.06251079E-1,
1125.000,4.00000000E+1,3.67623100E+1,5.11923730E-1,
1126.953100,4.60000000E+1,3.67129288E+1,1.36930394E+0,
1128.906300,3.60000000E+1,3.66636620E+1,-1.10610329E-1,
1130.859400,3.20000000E+1,3.66145058E+1,-8.15737069E-1,
1132.812500,4.30000000E+1,3.65654640E+1,9.81257558E-1,
1134.765600,3.10000000E+1,3.65165367E+1,-9.90799248E-1,
1136.718800,4.20000000E+1,3.64677162E+1,8.53649914E-1,
1138.671900,4.10000000E+1,3.64190140E+1,7.15429783E-1,
1140.625000,4.90000000E+1,3.63704224E+1,1.80422533E+0,
1142.578100,4.20000000E+1,3.63219414E+1,8.76143456E-1,
1144.531300,4.10000000E+1,3.62735748E+1,7.38143563E-1,
1146.484400,3.30000000E+1,3.62253151E+1,-5.61455309E-1,
1148.437500,4.20000000E+1,3.61771698E+1,8.98482203E-1,
1150.390600,3.80000000E+1,3.61291351E+1,3.03494364E-1,
1152.343800,3.30000000E+1,3.60812149E+1,-5.36370695E-1,
1154.296900,5.40000000E+1,3.60334015E+1,2.44494438E+0,
1156.25000,3.00000000E+1,3.59856987E+1,-1.09283412E+0,
1158.203100,3.70000000E+1,3.59381065E+1,1.74574211E-1,
1160.156300,4.20000000E+1,3.58906250E+1,9.42697048E-1,
1162.109400,4.30000000E+1,3.58432503E+1,1.09139407E+0,
1164.062500,4.20000000E+1,3.57959862E+1,9.57300127E-1,
1166.015600,3.60000000E+1,3.57488289E+1,4.18618508E-2,
1167.968800,3.20000000E+1,3.57017822E+1,-6.54388845E-1,
1169.921900,3.90000000E+1,3.56548462E+1,5.35653293E-1,
1171.875000,3.70000000E+1,3.56080132E+1,2.28841230E-1,
1173.828100,4.20000000E+1,3.55612907E+1,9.93514419E-1,
1175.781300,2.70000000E+1,3.55146790E+1,-1.63865077E+0,
1177.734400,3.30000000E+1,3.54681702E+1,-4.29653287E-1,
1179.687500,4.60000000E+1,3.54217682E+1,1.55967522E+0,
1181.640600,3.70000000E+1,3.53754768E+1,2.67069966E-1,
1183.593800,3.00000000E+1,3.53292885E+1,-9.72990513E-1,
1185.546900,3.40000000E+1,3.52832108E+1,-2.20068827E-1,
1187.5000,4.20000000E+1,3.52372360E+1,1.04351711E+0,
1189.453100,4.30000000E+1,3.51913643E+1,1.19080579E+0,
1191.406300,2.50000000E+1,3.51456032E+1,-2.02912068E+0,
1193.359400,3.30000000E+1,3.50999451E+1,-3.65553528E-1,
1195.312500,4.40000000E+1,3.50543900E+1,1.34860146E+0,
1197.265600,4.20000000E+1,3.50089455E+1,1.07874310E+0,
1199.218800,3.60000000E+1,3.49636040E+1,1.72732666E-1,
1201.171900,2.50000000E+1,3.49183655E+1,-1.98367310E+0,
1203.125000,4.00000000E+1,3.48732300E+1,8.10613513E-1,
1205.078100,4.80000000E+1,3.48282013E+1,1.90118539E+0,
1207.031300,5.40000000E+1,3.47832756E+1,2.61506486E+0,
1208.984400,3.50000000E+1,3.47384529E+1,4.42095287E-2,
1210.937500,3.00000000E+1,3.46937332E+1,-8.56954515E-1,
1212.890600,3.90000000E+1,3.46491165E+1,6.96698964E-1,
1214.843800,3.80000000E+1,3.46046028E+1,5.50806165E-1,
1216.796900,3.20000000E+1,3.45601921E+1,-4.52582300E-1,
1218.75000,3.20000000E+1,3.45158844E+1,-4.44749743E-1,
1220.703100,3.30000000E+1,3.44716759E+1,-2.56185889E-1,
1222.656300,3.80000000E+1,3.44275742E+1,5.79523981E-1,
1224.609400,3.60000000E+1,3.43835716E+1,2.69404739E-1,
1226.562500,3.90000000E+1,3.43396683E+1,7.46250331E-1,
1228.515600,3.50000000E+1,3.42958679E+1,1.19020045E-1,
1230.468800,3.20000000E+1,3.42521706E+1,-3.98131281E-1,
1232.421900,3.30000000E+1,3.42085724E+1,-2.10385457E-1,
1234.375000,3.10000000E+1,3.41650734E+1,-5.68463981E-1,
1236.328100,2.20000000E+1,3.41216774E+1,-2.58435035E+0,
1238.281300,3.20000000E+1,3.40783806E+1,-3.67409259E-1,
1240.234400,3.70000000E+1,3.40351830E+1,4.87412930E-1,
1242.187500,3.00000000E+1,3.39920807E+1,-7.28850901E-1,
1244.140600,3.40000000E+1,3.39490814E+1,8.73246416E-3,
1246.093800,2.20000000E+1,3.39061813E+1,-2.53840637E+0,
1248.046900,4.30000000E+1,3.38633804E+1,1.39332139E+0,
1250.00,4.50000000E+1,3.38206787E+1,1.66651487E+0,
1251.953100,3.60000000E+1,3.37780724E+1,3.70321274E-1,
1253.906300,3.90000000E+1,3.37355690E+1,8.42983603E-1,
1255.859400,4.20000000E+1,3.36931610E+1,1.28177309E+0,
1257.812500,2.50000000E+1,3.36508484E+1,-1.73016965E+0,
1259.765600,4.00000000E+1,3.36086349E+1,1.01056361E+0,
1261.718800,3.70000000E+1,3.35665207E+1,5.64460516E-1,
1263.671900,3.80000000E+1,3.35245018E+1,7.26021707E-1,
1265.625000,3.40000000E+1,3.34825783E+1,8.87370929E-2,
1267.578100,3.50000000E+1,3.34407539E+1,2.63560683E-1,
1269.531300,3.80000000E+1,3.33990250E+1,7.46376693E-1,
1271.484400,3.70000000E+1,3.33573914E+1,5.98841190E-1,
1273.437500,3.40000000E+1,3.33158569E+1,1.17329568E-1,
1275.390600,3.00000000E+1,3.32744141E+1,-5.97823501E-1,
1277.343800,3.50000000E+1,3.32330704E+1,2.98665613E-1,
1279.296900,3.10000000E+1,3.31918182E+1,-3.93662184E-1,
1281.25000,3.70000000E+1,3.31506653E+1,6.32826746E-1,
1283.203100,2.90000000E+1,3.31096039E+1,-7.63134301E-1,
1285.156300,2.90000000E+1,3.30686378E+1,-7.55527079E-1,
1287.109400,2.80000000E+1,3.30277634E+1,-9.50158000E-1,
1289.062500,3.50000000E+1,3.29869881E+1,3.40261132E-1,
1291.015600,3.20000000E+1,3.29463043E+1,-1.67284548E-1,
1292.968800,3.90000000E+1,3.29057159E+1,9.75866437E-1,
1294.921900,3.60000000E+1,3.28652191E+1,5.22463500E-1,
1296.875000,2.80000000E+1,3.28248138E+1,-9.11804140E-1,
1298.828100,4.40000000E+1,3.27845078E+1,1.69079912E+0,
1300.781300,4.30000000E+1,3.27442894E+1,1.56398118E+0,
1302.734400,3.20000000E+1,3.27041664E+1,-1.24480210E-1,
1304.687500,4.50000000E+1,3.26641350E+1,1.83892226E+0,
1306.640600,4.40000000E+1,3.26241951E+1,1.71496713E+0,
1308.593800,3.60000000E+1,3.25843468E+1,5.69275558E-1,
1310.546900,2.60000000E+1,3.25445900E+1,-1.28349972E+0,
1312.5000,3.60000000E+1,3.25049286E+1,5.82511902E-1,
1314.453100,3.40000000E+1,3.24653549E+1,2.63189465E-1,
1316.406300,3.10000000E+1,3.24258728E+1,-2.56094307E-1,
1318.359400,2.30000000E+1,3.23864822E+1,-1.95721686E+0,
1320.312500,3.40000000E+1,3.23471832E+1,2.83455729E-1,
1322.265600,2.90000000E+1,3.23079720E+1,-6.14274979E-1,
1324.218800,3.20000000E+1,3.22688522E+1,-4.75268103E-2,
1326.171900,4.00000000E+1,3.22298241E+1,1.22857273E+0,
1328.125000,3.00000000E+1,3.21908836E+1,-3.99998814E-1,
1330.078100,4.00000000E+1,3.21520348E+1,1.24087226E+0,
1332.031300,2.80000000E+1,3.21132774E+1,-7.77336359E-1,
1333.984400,2.30000000E+1,3.20746040E+1,-1.89218581E+0,
1335.937500,4.30000000E+1,3.20360260E+1,1.67199039E+0,
1337.890600,2.70000000E+1,3.19975319E+1,-9.61775482E-1,
1339.843800,6.10000000E+1,3.19591293E+1,3.71830225E+0,
1341.796900,2.70000000E+1,3.19208145E+1,-9.47011173E-1,
1343.75000,2.80000000E+1,3.18825874E+1,-7.33740091E-1,
1345.703100,3.70000000E+1,3.18444481E+1,8.47567499E-1,
1347.656300,3.40000000E+1,3.18063965E+1,3.76199901E-1,
1349.609400,3.30000000E+1,3.17684326E+1,2.14388371E-1,
1351.562500,3.60000000E+1,3.17305603E+1,7.11573303E-1,
1353.515600,2.40000000E+1,3.16927719E+1,-1.57028055E+0,
1355.468800,3.60000000E+1,3.16550674E+1,7.24155426E-1,
1357.421900,2.90000000E+1,3.16174545E+1,-4.86049116E-1,
1359.375000,2.40000000E+1,3.15799255E+1,-1.54724586E+0,
1361.328100,3.70000000E+1,3.15424843E+1,8.97210062E-1,
1363.281300,3.70000000E+1,3.15051308E+1,9.03350949E-1,
1365.234400,3.00000000E+1,3.14678612E+1,-2.67993569E-1,
1367.187500,1.90000000E+1,3.14306793E+1,-2.85179353E+0,
1369.140600,3.40000000E+1,3.13935814E+1,4.46997106E-1,
1371.093800,3.10000000E+1,3.13565674E+1,-6.40413910E-2,
1373.046900,4.40000000E+1,3.13196411E+1,1.91163611E+0,
1375.000,3.70000000E+1,3.12827988E+1,9.39902127E-1,
1376.953100,3.40000000E+1,3.12460423E+1,4.72299844E-1,
1378.906300,2.80000000E+1,3.12093697E+1,-6.06513858E-1,
1380.859400,2.30000000E+1,3.11727829E+1,-1.70414305E+0,
1382.812500,3.50000000E+1,3.11362801E+1,6.53087854E-1,
1384.765600,3.90000000E+1,3.10998611E+1,1.26503468E+0,
1386.718800,3.60000000E+1,3.10635242E+1,8.22745979E-1,
1388.671900,3.10000000E+1,3.10272732E+1,-4.89840750E-3,
1390.625000,3.30000000E+1,3.09911041E+1,3.49703878E-1,
1392.578100,2.70000000E+1,3.09550209E+1,-7.61144102E-1,
1394.531300,3.40000000E+1,3.09190178E+1,5.28384089E-1,
1396.484400,2.90000000E+1,3.08830986E+1,-3.49682629E-1,
1398.437500,3.80000000E+1,3.08472633E+1,1.16032708E+0,
1400.390600,2.80000000E+1,3.08115101E+1,-5.31325459E-1,
1402.343800,3.80000000E+1,3.07758389E+1,1.17191374E+0,
1404.296900,2.70000000E+1,3.07402496E+1,-7.19811380E-1,
1406.25000,2.60000000E+1,3.07047424E+1,-9.22675908E-1,
1408.203100,3.30000000E+1,3.06693192E+1,4.05719459E-1,
1410.156300,3.00000000E+1,3.06339760E+1,-1.15747653E-1,
1412.109400,4.10000000E+1,3.05987129E+1,1.62440813E+0,
1414.062500,3.70000000E+1,3.05635338E+1,1.05814850E+0,
1416.015600,4.60000000E+1,3.05284348E+1,2.28115797E+0,
1417.968800,3.30000000E+1,3.04934158E+1,4.36340302E-1,
1419.921900,2.90000000E+1,3.04584770E+1,-2.70832390E-1,
1421.875000,3.30000000E+1,3.04236202E+1,4.48490173E-1,
1423.828100,2.70000000E+1,3.03888435E+1,-6.52183235E-1,
1425.781300,3.60000000E+1,3.03541451E+1,9.40975845E-1,
1427.734400,2.80000000E+1,3.03195267E+1,-4.38349336E-1,
1429.687500,3.60000000E+1,3.02849903E+1,9.52501595E-1,
1431.640600,2.90000000E+1,3.02505341E+1,-2.32218340E-1,
1433.593800,3.00000000E+1,3.02161541E+1,-3.94641608E-2,
1435.546900,3.40000000E+1,3.01818542E+1,6.54806614E-1,
1437.5000,3.10000000E+1,3.01476345E+1,1.53089359E-1,
1439.453100,4.30000000E+1,3.01134949E+1,1.96517360E+0,
1441.406300,2.40000000E+1,3.00794296E+1,-1.24095845E+0,
1443.359400,2.10000000E+1,3.00454483E+1,-1.97387862E+0,
1445.312500,3.50000000E+1,3.00115414E+1,8.43203425E-1,
1447.265600,3.00000000E+1,2.99777145E+1,4.06874996E-3,
1449.218800,3.50000000E+1,2.99439640E+1,8.54626060E-1,
1451.171900,3.70000000E+1,2.99102917E+1,1.16554093E+0,
1453.125000,3.40000000E+1,2.98766975E+1,7.07140565E-1,
1455.078100,2.40000000E+1,2.98431816E+1,-1.19273448E+0,
1457.031300,3.10000000E+1,2.98097420E+1,2.13776648E-1,
1458.984400,2.90000000E+1,2.97763786E+1,-1.44169897E-1,
1460.937500,2.90000000E+1,2.97430935E+1,-1.37988999E-1,
1462.890600,2.90000000E+1,2.97098846E+1,-1.31822273E-1,
1464.843800,2.50000000E+1,2.96767502E+1,-9.35350001E-1,
1466.796900,2.90000000E+1,2.96436958E+1,-1.19531319E-1,
1468.75000,2.60000000E+1,2.96107140E+1,-7.08119273E-1,
1470.703100,2.20000000E+1,2.95778103E+1,-1.61559463E+0,
1472.656300,2.90000000E+1,2.95449829E+1,-1.01200789E-1,
1474.609400,3.00000000E+1,2.95122299E+1,8.90542269E-2,
1476.562500,2.80000000E+1,2.94795513E+1,-2.79608935E-1,
1478.515600,3.70000000E+1,2.94469490E+1,1.24171400E+0,
1480.468800,3.60000000E+1,2.94144211E+1,1.09759653E+0,
1482.421900,3.50000000E+1,2.93819714E+1,9.49620187E-1,
1484.375000,2.80000000E+1,2.93495941E+1,-2.55049318E-1,
1486.328100,3.30000000E+1,2.93172913E+1,6.41077340E-1,
1488.281300,2.70000000E+1,2.92850647E+1,-4.39760894E-1,
1490.234400,3.60000000E+1,2.92529106E+1,1.12451494E+0,
1492.187500,3.00000000E+1,2.92208309E+1,1.42256171E-1,
1494.140600,3.20000000E+1,2.91888256E+1,4.96950120E-1,
1496.093800,2.80000000E+1,2.91568947E+1,-2.18632549E-1,
1498.046900,2.90000000E+1,2.91250362E+1,-2.32186466E-2,
1500.00,3.30000000E+1,2.90932503E+1,6.80077851E-1,
1501.953100,2.80000000E+1,2.90615387E+1,-2.00611964E-1,
1503.906300,3.30000000E+1,2.90299015E+1,6.91105425E-1,
1505.859400,3.60000000E+1,2.89983349E+1,1.16694415E+0,
1507.812500,2.80000000E+1,2.89668427E+1,-1.82716087E-1,
1509.765600,2.70000000E+1,2.89354210E+1,-3.72471958E-1,
1511.718800,2.90000000E+1,2.89040756E+1,1.78127103E-2,
1513.671900,2.80000000E+1,2.88727989E+1,-1.64943501E-1,
1515.625000,2.10000000E+1,2.88415947E+1,-1.71117628E+0,
1517.578100,3.50000000E+1,2.88104630E+1,1.04622269E+0,
1519.531300,3.20000000E+1,2.87794037E+1,5.69326401E-1,
1521.484400,3.30000000E+1,2.87484131E+1,7.40106285E-1,
1523.437500,3.00000000E+1,2.87174969E+1,2.34151974E-1,
1525.390600,1.90000000E+1,2.86866512E+1,-2.22227025E+0,
1527.343800,2.20000000E+1,2.86558762E+1,-1.41903758E+0,
1529.296900,3.00000000E+1,2.86251717E+1,2.51008183E-1,
1531.25000,4.20000000E+1,2.85945396E+1,2.06850743E+0,
1533.203100,2.50000000E+1,2.85639763E+1,-7.12795258E-1,
1535.156300,3.10000000E+1,2.85334854E+1,4.42999095E-1,
1537.109400,3.00000000E+1,2.85030632E+1,2.73302019E-1,
1539.062500,3.00000000E+1,2.84727097E+1,2.78843790E-1,
1541.015600,2.00000000E+1,2.84424286E+1,-1.88778448E+0,
1542.968800,2.90000000E+1,2.84122162E+1,1.09148711E-1,
1544.921900,1.60000000E+1,2.83820724E+1,-3.09551811E+0,
1546.875000,3.20000000E+1,2.83519993E+1,6.44881487E-1,
1548.828100,2.70000000E+1,2.83219948E+1,-2.54418015E-1,
1550.781300,2.40000000E+1,2.82920609E+1,-8.76113296E-1,
1552.734400,3.90000000E+1,2.82621956E+1,1.71942484E+0,
1554.687500,2.70000000E+1,2.82323971E+1,-2.37174928E-1,
1556.640600,2.70000000E+1,2.82026691E+1,-2.31453791E-1,
1558.593800,2.30000000E+1,2.81730080E+1,-1.07864678E+0,
1560.546900,2.90000000E+1,2.81434174E+1,1.59063399E-1,
1562.5000,4.90000000E+1,2.81138954E+1,2.98372912E+0,
1564.453100,2.50000000E+1,2.80844383E+1,-6.16887629E-1,
1566.406300,3.10000000E+1,2.80550499E+1,5.28928638E-1,
1568.359400,2.60000000E+1,2.80257301E+1,-3.97278368E-1,
1570.312500,2.70000000E+1,2.79964790E+1,-1.91772476E-1,
1572.265600,3.20000000E+1,2.79672928E+1,7.12888658E-1,
1574.218800,3.70000000E+1,2.79381771E+1,1.48975456E+0,
1576.171900,3.20000000E+1,2.79091263E+1,7.23171115E-1,
1578.125000,2.80000000E+1,2.78801422E+1,2.26509925E-2,
1580.078100,3.00000000E+1,2.78512268E+1,3.92310530E-1,
1582.031300,3.20000000E+1,2.78223763E+1,7.38506496E-1,
1583.984400,3.20000000E+1,2.77935944E+1,7.43594468E-1,
1585.937500,3.00000000E+1,2.77648773E+1,4.08075720E-1,
1587.890600,2.10000000E+1,2.77362251E+1,-1.46996486E+0,
1589.843800,2.90000000E+1,2.77076416E+1,2.39984930E-1,
1591.796900,2.90000000E+1,2.76791229E+1,2.45280713E-1,
1593.75000,2.80000000E+1,2.76506691E+1,6.60173371E-2,
1595.703100,1.60000000E+1,2.76222801E+1,-2.90557003E+0,
1597.656300,2.30000000E+1,2.75939598E+1,-9.57906842E-1,
1599.609400,3.00000000E+1,2.75657024E+1,4.44439918E-1,
1601.562500,4.00000000E+1,2.75375099E+1,1.97049272E+0,
1603.515600,2.50000000E+1,2.75093842E+1,-5.01876831E-1,
1605.468800,3.70000000E+1,2.74813213E+1,1.56486118E+0,
1607.421900,3.70000000E+1,2.74533234E+1,1.56946397E+0,
1609.375000,3.30000000E+1,2.74253902E+1,9.70414996E-1,
1611.328100,2.80000000E+1,2.73975220E+1,1.13857649E-1,
1613.281300,2.60000000E+1,2.73697166E+1,-2.68623531E-1,
1615.234400,3.10000000E+1,2.73419762E+1,6.57000482E-1,
1617.187500,2.30000000E+1,2.73143005E+1,-8.99593830E-1,
1619.140600,3.20000000E+1,2.72866859E+1,8.33204091E-1,
1621.093800,1.80000000E+1,2.72591362E+1,-2.18239927E+0,
1623.046900,2.90000000E+1,2.72316513E+1,3.28374118E-1,
1625.000,2.90000000E+1,2.72042274E+1,3.33466589E-1,
1626.953100,2.90000000E+1,2.71768684E+1,3.38547021E-1,
1628.906300,3.00000000E+1,2.71495724E+1,5.20414531E-1,
1630.859400,3.30000000E+1,2.71223392E+1,1.02316940E+0,
1632.812500,2.70000000E+1,2.70951691E+1,-1.83152948E-2,
1634.765600,3.20000000E+1,2.70680618E+1,8.71851742E-1,
1636.718800,3.10000000E+1,2.70410156E+1,7.11054564E-1,
1638.671900,3.00000000E+1,2.70140324E+1,5.45160651E-1,
1640.625000,2.80000000E+1,2.69871120E+1,1.91417828E-1,
1642.578100,2.90000000E+1,2.69602528E+1,3.78771544E-1,
1644.531300,3.20000000E+1,2.69334564E+1,8.95646811E-1,
1646.484400,2.70000000E+1,2.69067192E+1,1.79518964E-2,
1648.437500,3.90000000E+1,2.68800468E+1,1.94074571E+0,
1650.390600,1.70000000E+1,2.68534355E+1,-2.38980913E+0,
1652.343800,3.50000000E+1,2.68268833E+1,1.38150883E+0,
1654.296900,2.30000000E+1,2.68003941E+1,-7.92436957E-1,
1656.25000,3.50000000E+1,2.67739658E+1,1.39045358E+0,
1658.203100,2.90000000E+1,2.67475986E+1,4.18260425E-1,
1660.156300,1.80000000E+1,2.67212906E+1,-2.05562782E+0,
1662.109400,2.50000000E+1,2.66950455E+1,-3.39009076E-1,
1664.062500,2.40000000E+1,2.66688595E+1,-5.44778645E-1,
1666.015600,2.90000000E+1,2.66427345E+1,4.37733203E-1,
1667.968800,2.70000000E+1,2.66166687E+1,7.37721398E-2,
1669.921900,3.10000000E+1,2.65906620E+1,7.91940451E-1,
1671.875000,2.00000000E+1,2.65647163E+1,-1.46791518E+0,
1673.828100,2.80000000E+1,2.65388298E+1,2.76135206E-1,
1675.781300,2.50000000E+1,2.65130043E+1,-3.02600861E-1,
1677.734400,4.40000000E+1,2.64872379E+1,2.64014816E+0,
1679.687500,3.30000000E+1,2.64615307E+1,1.13820148E+0,
1681.640600,2.00000000E+1,2.64358826E+1,-1.43910706E+0,
1683.593800,3.10000000E+1,2.64102936E+1,8.24335575E-1,
1685.546900,2.40000000E+1,2.63847637E+1,-4.86787856E-1,
1687.5000,2.20000000E+1,2.63592930E+1,-9.29404378E-1,
1689.453100,2.70000000E+1,2.63338814E+1,1.28194585E-1,
1691.406300,2.60000000E+1,2.63085270E+1,-6.05071224E-2,
1693.359400,1.90000000E+1,2.62832317E+1,-1.67088795E+0,
1695.312500,2.10000000E+1,2.62579956E+1,-1.14738870E+0,
1697.265600,2.30000000E+1,2.62328148E+1,-6.74088478E-1,
1699.218800,3.20000000E+1,2.62076950E+1,1.02394450E+0,
1701.171900,2.90000000E+1,2.61826324E+1,5.23172021E-1,
1703.125000,2.70000000E+1,2.61576271E+1,1.62114739E-1,
1705.078100,2.90000000E+1,2.61326790E+1,5.32448173E-1,
1707.031300,2.50000000E+1,2.61077881E+1,-2.21557617E-1,
1708.984400,3.30000000E+1,2.60829544E+1,1.20410311E+0,
1710.937500,2.40000000E+1,2.60581799E+1,-4.20124203E-1,
1712.890600,2.00000000E+1,2.60334625E+1,-1.34912324E+0,
1714.843800,2.20000000E+1,2.60088005E+1,-8.54679167E-1,
1716.796900,2.60000000E+1,2.59841957E+1,3.09947645E-3,
1718.75000,3.30000000E+1,2.59596481E+1,1.22556794E+0,
1720.703100,2.60000000E+1,2.59351559E+1,1.27169807E-2,
1722.656300,2.70000000E+1,2.59107208E+1,2.09631875E-1,
1724.609400,2.70000000E+1,2.58863411E+1,2.14323759E-1,
1726.562500,2.20000000E+1,2.58620186E+1,-8.23385119E-1,
1728.515600,2.90000000E+1,2.58377533E+1,5.87214470E-1,
1730.468800,2.20000000E+1,2.58135433E+1,-8.13050151E-1,
1732.421900,2.30000000E+1,2.57893887E+1,-5.81627727E-1,
1734.375000,2.40000000E+1,2.57652893E+1,-3.60338181E-1,
1736.328100,3.50000000E+1,2.57412453E+1,1.56501520E+0,
1738.281300,3.10000000E+1,2.57172565E+1,9.48808730E-1,
1740.234400,1.80000000E+1,2.56933250E+1,-1.81333411E+0,
1742.187500,2.50000000E+1,2.56694469E+1,-1.33889392E-1,
1744.140600,2.50000000E+1,2.56456242E+1,-1.29124835E-1,
1746.093800,3.10000000E+1,2.56218567E+1,9.65943038E-1,
1748.046900,2.20000000E+1,2.55981426E+1,-7.67126620E-1,
1750.00,2.80000000E+1,2.55744839E+1,4.58379477E-1,
1751.953100,1.90000000E+1,2.55508804E+1,-1.50287509E+0,
1753.906300,3.00000000E+1,2.55273304E+1,8.16594005E-1,
1755.859400,3.60000000E+1,2.55038338E+1,1.74936104E+0,
1757.812500,2.80000000E+1,2.54803925E+1,4.76161093E-1,
1759.765600,2.40000000E+1,2.54570045E+1,-2.97409803E-1,
1761.718800,2.90000000E+1,2.54336720E+1,6.62250519E-1,
1763.671900,4.20000000E+1,2.54103928E+1,2.55983210E+0,
1765.625000,2.50000000E+1,2.53871651E+1,-7.74330124E-2,
1767.578100,2.60000000E+1,2.53639946E+1,1.24730922E-1,
1769.531300,4.10000000E+1,2.53408737E+1,2.44554472E+0,
1771.484400,2.40000000E+1,2.53178101E+1,-2.68996865E-1,
1773.437500,2.00000000E+1,2.52947960E+1,-1.18395233E+0,
1775.390600,2.70000000E+1,2.52718372E+1,3.32585067E-1,
1777.343800,2.10000000E+1,2.52489300E+1,-9.27192569E-1,
1779.296900,2.40000000E+1,2.52260742E+1,-2.50271350E-1,
1781.25000,2.20000000E+1,2.52032738E+1,-6.82940245E-1,
1783.203100,2.80000000E+1,2.51805248E+1,5.32830715E-1,
1785.156300,1.90000000E+1,2.51578293E+1,-1.41270292E+0,
1787.109400,1.90000000E+1,2.51351852E+1,-1.40750802E+0,
1789.062500,2.40000000E+1,2.51125927E+1,-2.27107033E-1,
1791.015600,3.00000000E+1,2.50900536E+1,8.96429479E-1,
1792.968800,1.90000000E+1,2.50675659E+1,-1.39199507E+0,
1794.921900,2.70000000E+1,2.50451298E+1,3.76214951E-1,
1796.875000,2.80000000E+1,2.50227470E+1,5.62647939E-1,
1798.828100,2.70000000E+1,2.50004139E+1,3.84820521E-1,
1800.781300,1.70000000E+1,2.49781342E+1,-1.93498170E+0,
1802.734400,3.80000000E+1,2.49559021E+1,2.11603212E+0,
1804.687500,2.30000000E+1,2.49337234E+1,-4.03209209E-1,
1806.640600,3.10000000E+1,2.49115963E+1,1.09350955E+0,
1808.593800,2.90000000E+1,2.48895187E+1,7.63297200E-1,
1810.546900,2.50000000E+1,2.48674927E+1,2.65014637E-2,
1812.5000,3.00000000E+1,2.48455200E+1,9.41075027E-1,
1814.453100,2.70000000E+1,2.48235931E+1,4.18849707E-1,
1816.406300,2.00000000E+1,2.48017197E+1,-1.07369721E+0,
1818.359400,2.50000000E+1,2.47798958E+1,4.40208428E-2,
1820.312500,2.30000000E+1,2.47581234E+1,-3.66594076E-1,
1822.265600,1.90000000E+1,2.47364006E+1,-1.31602061E+0,
1824.218800,2.10000000E+1,2.47147274E+1,-8.10620010E-1,
1826.171900,2.60000000E+1,2.46931038E+1,2.56303430E-1,
1828.125000,2.50000000E+1,2.46715317E+1,6.56936616E-2,
1830.078100,2.90000000E+1,2.46500092E+1,8.07772994E-1,
1832.031300,2.60000000E+1,2.46285343E+1,2.68966556E-1,
1833.984400,3.30000000E+1,2.46071091E+1,1.46101475E+0,
1835.937500,2.50000000E+1,2.45857353E+1,8.28529373E-2,
1837.890600,2.00000000E+1,2.45644073E+1,-1.02063251E+0,
1839.843800,2.50000000E+1,2.45431328E+1,9.13734436E-2,
1841.796900,2.50000000E+1,2.45219040E+1,9.56192017E-2,
1843.75000,2.90000000E+1,2.45007248E+1,8.35494459E-1,
1845.703100,2.00000000E+1,2.44795952E+1,-1.00166798E+0,
1847.656300,2.80000000E+1,2.44585152E+1,6.69277728E-1,
1849.609400,2.20000000E+1,2.44374809E+1,-5.19672692E-1,
1851.562500,2.70000000E+1,2.44164963E+1,4.97195512E-1,
1853.515600,3.10000000E+1,2.43955612E+1,1.18619215E+0,
1855.468800,2.60000000E+1,2.43746738E+1,3.18752676E-1,
1857.421900,3.40000000E+1,2.43538342E+1,1.65430379E+0,
1859.375000,2.50000000E+1,2.43330421E+1,1.33391574E-1,
1861.328100,1.40000000E+1,2.43122978E+1,-2.75607753E+0,
1863.281300,2.50000000E+1,2.42916031E+1,1.41679376E-1,
1865.234400,2.50000000E+1,2.42709541E+1,1.45809174E-1,
1867.187500,2.50000000E+1,2.42503548E+1,1.49929047E-1,
1869.140600,1.90000000E+1,2.42298012E+1,-1.19979870E+0,
1871.093800,2.60000000E+1,2.42092972E+1,3.51185709E-1,
1873.046900,2.70000000E+1,2.41888390E+1,5.41008174E-1,
1875.000,3.00000000E+1,2.41684265E+1,1.06469476E+0,
1876.953100,2.10000000E+1,2.41480637E+1,-6.86963797E-1,
1878.906300,2.90000000E+1,2.41277466E+1,9.04754758E-1,
1880.859400,2.60000000E+1,2.41074753E+1,3.71154636E-1,
1882.812500,2.60000000E+1,2.40872517E+1,3.75120819E-1,
1884.765600,2.90000000E+1,2.40670738E+1,9.16021407E-1,
1886.718800,2.80000000E+1,2.40469437E+1,7.47057438E-1,
1888.671900,3.10000000E+1,2.40268593E+1,1.25241303E+0,
1890.625000,2.90000000E+1,2.40068207E+1,9.27210093E-1,
1892.578100,2.60000000E+1,2.39868298E+1,3.94815177E-1,
1894.531300,2.20000000E+1,2.39668846E+1,-4.19341207E-1,
1896.484400,1.50000000E+1,2.39469833E+1,-2.31010127E+0,
1898.437500,2.60000000E+1,2.39271278E+1,4.06523675E-1,
1900.390600,1.90000000E+1,2.39073219E+1,-1.12581682E+0,
1902.343800,2.80000000E+1,2.38875580E+1,7.77178526E-1,
1904.296900,2.20000000E+1,2.38678398E+1,-3.98224801E-1,
1906.25000,2.40000000E+1,2.38481674E+1,3.09926961E-2,
1908.203100,2.20000000E+1,2.38285408E+1,-3.89846206E-1,
1910.156300,2.30000000E+1,2.38089600E+1,-1.68679819E-1,
1912.109400,2.60000000E+1,2.37894249E+1,4.33529466E-1,
1914.062500,3.10000000E+1,2.37699337E+1,1.29855824E+0,
1916.015600,2.30000000E+1,2.37504883E+1,-1.56487629E-1,
1917.968800,1.80000000E+1,2.37310867E+1,-1.35083008E+0,
1919.921900,3.10000000E+1,2.37117310E+1,1.30901170E+0,
1921.875000,2.30000000E+1,2.36924171E+1,-1.44378960E-1,
1923.828100,3.10000000E+1,2.36731510E+1,1.31594086E+0,
1925.781300,3.00000000E+1,2.36539268E+1,1.15862918E+0,
1927.734400,2.60000000E+1,2.36347504E+1,4.63863611E-1,
1929.687500,1.80000000E+1,2.36156158E+1,-1.32361341E+0,
1931.640600,1.60000000E+1,2.35965233E+1,-1.89913082E+0,
1933.593800,2.00000000E+1,2.35774765E+1,-7.99948096E-1,
1935.546900,1.80000000E+1,2.35584755E+1,-1.31014526E+0,
1937.5000,2.10000000E+1,2.35395164E+1,-5.54167926E-1,
1939.453100,2.50000000E+1,2.35205994E+1,2.95880109E-1,
1941.406300,1.50000000E+1,2.35017281E+1,-2.19513679E+0,
1943.359400,2.70000000E+1,2.34828987E+1,6.76866472E-1,
1945.312500,2.40000000E+1,2.34641151E+1,1.09387040E-1,
1947.265600,2.50000000E+1,2.34453735E+1,3.10925275E-1,
1949.218800,2.60000000E+1,2.34266758E+1,5.04670382E-1,
1951.171900,2.10000000E+1,2.34080200E+1,-5.25473058E-1,
1953.125000,2.70000000E+1,2.33894081E+1,6.94858730E-1,
1955.078100,2.30000000E+1,2.33708382E+1,-7.73251057E-2,
1957.031300,2.90000000E+1,2.33523140E+1,1.04874897E+0,
1958.984400,1.50000000E+1,2.33338280E+1,-2.15178514E+0,
1960.937500,2.20000000E+1,2.33153877E+1,-2.80441612E-1,
1962.890600,2.20000000E+1,2.32969894E+1,-2.76519090E-1,
1964.843800,2.50000000E+1,2.32786331E+1,3.44273359E-1,
1966.796900,2.30000000E+1,2.32603188E+1,-5.42802140E-2,
1968.75000,2.90000000E+1,2.32420464E+1,1.06922519E+0,
1970.703100,3.60000000E+1,2.32238178E+1,2.12936378E+0,
1972.656300,2.50000000E+1,2.32056293E+1,3.58874112E-1,
1974.609400,2.60000000E+1,2.31874847E+1,5.51579654E-1,
1976.562500,2.10000000E+1,2.31693802E+1,-4.73397583E-1,
1978.515600,2.20000000E+1,2.31513176E+1,-2.45461747E-1,
1980.468800,2.60000000E+1,2.31332970E+1,5.62206745E-1,
1982.421900,2.20000000E+1,2.31153183E+1,-2.37786666E-1,
1984.375000,2.00000000E+1,2.30973797E+1,-6.92595184E-1,
1986.328100,2.40000000E+1,2.30794830E+1,1.87899739E-1,
1988.281300,3.00000000E+1,2.30616283E+1,1.26676762E+0,
1990.234400,3.30000000E+1,2.30438137E+1,1.73314965E+0,
1992.187500,2.50000000E+1,2.30260410E+1,3.94791782E-1,
1994.140600,2.60000000E+1,2.30083084E+1,5.86718976E-1,
1996.093800,2.00000000E+1,2.29906178E+1,-6.68722451E-1,
1998.046900,2.20000000E+1,2.29729671E+1,-2.07437292E-1,
