AD4-fit data

Labels,AD4,AD4F2,AD4F2R,
Type,Time Scan,Exponential Fit Time Scan,Weighted Residuals Time Scan,
Comment,,,,
Start,0.00,93.750,93.750,
Stop,1998.046900,1998.046900,1998.046900,
Step,1.9531250,1.9531250,1.9531250,
Fixed/Offset, , , ,
XAxis,Time(ns),Time,Time,
YAxis,Counts (a.u.),Counts (a.u.),Counts (a.u.),
Chi2,,0.98320055,,
dt,,,,
dtErr,,,,
A,,92.34640,,
Tau1,,100.00,,
Tau2,,1806.535100,,
Tau3,,,,
Tau4,,,,
B1,,-7.3861680,,
B2,,199.323870,,
B3,,,,
B4,,,,
Tau1Err,,167.929840,,
Tau2Err,,336.370920,,
Tau3Err,,,,
Tau4Err,,,,
B1Err,,6.0172887,,
B2Err,,15.084787,,
B3Err,,,,
B4Err,,,,
TauAvInt,,,,
TauAvAmp,,,,
TauAvIntErr,,,,
TauAvAmpErr,,,,

0.00,0.00000000E+0, , ,
1.9531250,0.00000000E+0, , ,
3.906250,0.00000000E+0, , ,
5.8593750,0.00000000E+0, , ,
7.81250,0.00000000E+0, , ,
9.7656250,0.00000000E+0, , ,
11.718750,0.00000000E+0, , ,
13.671875,0.00000000E+0, , ,
15.6250,0.00000000E+0, , ,
17.578125,0.00000000E+0, , ,
19.531250,0.00000000E+0, , ,
21.484375,0.00000000E+0, , ,
23.43750,0.00000000E+0, , ,
25.390625,0.00000000E+0, , ,
27.343750,0.00000000E+0, , ,
29.296875,0.00000000E+0, , ,
31.250,0.00000000E+0, , ,
33.203125,0.00000000E+0, , ,
35.156250,0.00000000E+0, , ,
37.109375,0.00000000E+0, , ,
39.06250,0.00000000E+0, , ,
41.015625,1.44000000E+2, , ,
42.968750,2.02000000E+2, , ,
44.921875,1.74000000E+2, , ,
46.8750,1.56000000E+2, , ,
48.828125,1.62000000E+2, , ,
50.781250,1.77000000E+2, , ,
52.734375,1.91000000E+2, , ,
54.68750,1.66000000E+2, , ,
56.640625,1.82000000E+2, , ,
58.593750,1.85000000E+2, , ,
60.546875,1.85000000E+2, , ,
62.50,1.83000000E+2, , ,
64.453125,1.93000000E+2, , ,
66.406250,1.59000000E+2, , ,
68.359375,1.76000000E+2, , ,
70.31250,1.47000000E+2, , ,
72.265625,1.91000000E+2, , ,
74.218750,3.09000000E+2, , ,
76.171875,2.98000000E+2, , ,
78.1250,2.98000000E+2, , ,
80.078125,3.13000000E+2, , ,
82.031250,3.08000000E+2, , ,
83.984375,2.87000000E+2, , ,
85.93750,2.95000000E+2, , ,
87.890625,3.05000000E+2, , ,
89.843750,2.72000000E+2, , ,
91.796875,3.19000000E+2, , ,
93.750,2.75000000E+2,2.84211548E+2,-5.55477262E-1,
95.703125,2.83000000E+2,2.84136505E+2,-6.75582141E-2,
97.656250,2.89000000E+2,2.84058960E+2,2.90649414E-1,
99.609375,2.77000000E+2,2.83979004E+2,-4.19327706E-1,
101.562500,3.03000000E+2,2.83896698E+2,1.09745610E+0,
103.515630,2.79000000E+2,2.83812042E+2,-2.88089424E-1,
105.468750,2.81000000E+2,2.83725098E+2,-1.62565693E-1,
107.421880,2.96000000E+2,2.83635956E+2,7.18645453E-1,
109.37500,2.85000000E+2,2.83544617E+2,8.62094685E-2,
111.328130,2.88000000E+2,2.83451172E+2,2.68042266E-1,
113.281250,2.92000000E+2,2.83355591E+2,5.05875766E-1,
115.234380,2.79000000E+2,2.83257996E+2,-2.54919529E-1,
117.187500,2.85000000E+2,2.83158386E+2,1.09087788E-1,
119.140630,3.00000000E+2,2.83056824E+2,9.78214741E-1,
121.093750,2.66000000E+2,2.82953369E+2,-1.03947783E+0,
123.046880,2.82000000E+2,2.82848022E+2,-5.04990034E-2,
125.00,2.84000000E+2,2.82740845E+2,7.47171193E-2,
126.953130,2.88000000E+2,2.82631866E+2,3.16320300E-1,
128.906250,3.02000000E+2,2.82521149E+2,1.12088192E+0,
130.859380,2.88000000E+2,2.82408691E+2,3.29471022E-1,
132.812500,2.70000000E+2,2.82294586E+2,-7.48224676E-1,
134.765630,2.65000000E+2,2.82178802E+2,-1.05528545E+0,
136.718750,2.65000000E+2,2.82061462E+2,-1.04807734E+0,
138.671880,2.73000000E+2,2.81942505E+2,-5.41225016E-1,
140.62500,2.77000000E+2,2.81822052E+2,-2.89729029E-1,
142.578130,2.84000000E+2,2.81700073E+2,1.36475548E-1,
144.531250,2.67000000E+2,2.81576630E+2,-8.92075241E-1,
146.484380,2.61000000E+2,2.81451782E+2,-1.26593351E+0,
148.437500,2.83000000E+2,2.81325500E+2,9.95386615E-2,
150.390630,2.68000000E+2,2.81197845E+2,-8.06186736E-1,
152.343750,2.76000000E+2,2.81068848E+2,-3.05108786E-1,
154.296880,2.74000000E+2,2.80938538E+2,-4.19172376E-1,
156.2500,3.03000000E+2,2.80806946E+2,1.27495766E+0,
158.203130,2.51000000E+2,2.80674103E+2,-1.87301278E+0,
160.156250,2.99000000E+2,2.80540009E+2,1.06756890E+0,
162.109380,2.68000000E+2,2.80404755E+2,-7.57740974E-1,
164.062500,2.87000000E+2,2.80268311E+2,3.97359073E-1,
166.015630,2.66000000E+2,2.80130737E+2,-8.66411090E-1,
167.968750,2.69000000E+2,2.79992004E+2,-6.70194328E-1,
169.921880,3.10000000E+2,2.79852234E+2,1.71227801E+0,
171.87500,2.79000000E+2,2.79711365E+2,-4.25882936E-2,
173.828130,2.81000000E+2,2.79569458E+2,8.53389800E-2,
175.781250,2.78000000E+2,2.79426544E+2,-8.55584368E-2,
177.734380,2.75000000E+2,2.79282623E+2,-2.58251905E-1,
179.687500,2.91000000E+2,2.79137756E+2,6.95377052E-1,
181.640630,2.65000000E+2,2.78991913E+2,-8.59516382E-1,
183.593750,2.72000000E+2,2.78845154E+2,-4.15048420E-1,
185.546880,2.80000000E+2,2.78697479E+2,7.78405070E-2,
187.500,2.55000000E+2,2.78548950E+2,-1.47469246E+0,
189.453130,2.82000000E+2,2.78399536E+2,2.14404494E-1,
191.406250,2.89000000E+2,2.78249298E+2,6.32394254E-1,
193.359380,2.92000000E+2,2.78098236E+2,8.13539207E-1,
195.312500,2.66000000E+2,2.77946350E+2,-7.32477725E-1,
197.265630,2.68000000E+2,2.77793701E+2,-5.98245502E-1,
199.218750,2.64000000E+2,2.77640289E+2,-8.39501798E-1,
201.171880,2.79000000E+2,2.77486145E+2,9.06321257E-2,
203.12500,2.77000000E+2,2.77331268E+2,-1.99039839E-2,
205.078130,2.86000000E+2,2.77175690E+2,5.21792412E-1,
207.031250,2.74000000E+2,2.77019409E+2,-1.82409182E-1,
208.984380,2.95000000E+2,2.76862457E+2,1.05600858E+0,
210.937500,2.89000000E+2,2.76704865E+2,7.23243296E-1,
212.890630,2.86000000E+2,2.76546631E+2,5.58989406E-1,
214.843750,2.85000000E+2,2.76387756E+2,5.10145307E-1,
216.796880,2.52000000E+2,2.76228302E+2,-1.52623963E+0,
218.7500,2.82000000E+2,2.76068237E+2,3.53231311E-1,
220.703130,2.80000000E+2,2.75907623E+2,2.44566292E-1,
222.656250,2.62000000E+2,2.75746429E+2,-8.49257231E-1,
224.609380,2.85000000E+2,2.75584717E+2,5.57713270E-1,
226.562500,2.98000000E+2,2.75422424E+2,1.30788386E+0,
228.515630,2.81000000E+2,2.75259644E+2,3.42440963E-1,
230.468750,3.05000000E+2,2.75096375E+2,1.71227658E+0,
232.421880,2.59000000E+2,2.74932587E+2,-9.90002751E-1,
234.37500,2.51000000E+2,2.74768372E+2,-1.50024629E+0,
236.328130,2.82000000E+2,2.74603668E+2,4.40445155E-1,
238.281250,3.04000000E+2,2.74438507E+2,1.69546795E+0,
240.234380,2.82000000E+2,2.74272919E+2,4.60140973E-1,
242.187500,2.74000000E+2,2.74106903E+2,-6.45825081E-3,
244.140630,2.88000000E+2,2.73940491E+2,8.28464508E-1,
246.093750,2.83000000E+2,2.73773651E+2,5.48449516E-1,
248.046880,2.84000000E+2,2.73606415E+2,6.16745830E-1,
250.00,2.72000000E+2,2.73438843E+2,-8.72426555E-2,
251.953130,2.65000000E+2,2.73270874E+2,-5.08075774E-1,
253.906250,2.70000000E+2,2.73102570E+2,-1.88816369E-1,
255.859380,2.50000000E+2,2.72933899E+2,-1.45046711E+0,
257.812500,2.63000000E+2,2.72764893E+2,-6.02129042E-1,
259.765630,2.68000000E+2,2.72595612E+2,-2.80721664E-1,
261.718750,2.63000000E+2,2.72425995E+2,-5.81231713E-1,
263.671880,2.56000000E+2,2.72256042E+2,-1.01600266E+0,
265.62500,2.48000000E+2,2.72085846E+2,-1.52945268E+0,
267.578130,2.82000000E+2,2.71915314E+2,6.00534320E-1,
269.531250,2.90000000E+2,2.71744537E+2,1.07199764E+0,
271.484380,3.01000000E+2,2.71573486E+2,1.69611609E+0,
273.437500,2.73000000E+2,2.71402191E+2,9.67037901E-2,
275.390630,2.50000000E+2,2.71230621E+2,-1.34274244E+0,
277.343750,2.67000000E+2,2.71058838E+2,-2.48396844E-1,
279.296880,2.65000000E+2,2.70886810E+2,-3.61623883E-1,
281.2500,2.49000000E+2,2.70714569E+2,-1.37610483E+0,
283.203130,2.89000000E+2,2.70542114E+2,1.08575797E+0,
285.156250,2.68000000E+2,2.70369446E+2,-1.44736931E-1,
287.109380,2.60000000E+2,2.70196564E+2,-6.32364035E-1,
289.062500,2.32000000E+2,2.70023529E+2,-2.49636698E+0,
291.015630,2.75000000E+2,2.69850281E+2,3.10539752E-1,
292.968750,2.56000000E+2,2.69676880E+2,-8.54804993E-1,
294.921880,2.77000000E+2,2.69503296E+2,4.50433284E-1,
296.87500,2.66000000E+2,2.69329559E+2,-2.04148382E-1,
298.828130,2.61000000E+2,2.69155670E+2,-5.04823327E-1,
300.781250,2.85000000E+2,2.68981628E+2,9.48846459E-1,
302.734380,2.72000000E+2,2.68807434E+2,1.93577737E-1,
304.687500,2.80000000E+2,2.68633148E+2,6.79299355E-1,
306.640630,2.67000000E+2,2.68458679E+2,-8.92697200E-2,
308.593750,2.96000000E+2,2.68284119E+2,1.61095285E+0,
310.546880,2.70000000E+2,2.68109436E+2,1.15056060E-1,
312.500,2.53000000E+2,2.67934631E+2,-9.38932240E-1,
314.453130,2.83000000E+2,2.67759735E+2,9.05939698E-1,
316.406250,2.58000000E+2,2.67584747E+2,-5.96720278E-1,
318.359380,2.63000000E+2,2.67409668E+2,-2.71911770E-1,
320.312500,2.43000000E+2,2.67234497E+2,-1.55464363E+0,
322.265630,2.43000000E+2,2.67059235E+2,-1.54340065E+0,
324.218750,2.69000000E+2,2.66883911E+2,1.29020214E-1,
326.171880,2.76000000E+2,2.66708496E+2,5.59282839E-1,
328.12500,2.64000000E+2,2.66533020E+2,-1.55896604E-1,
330.078130,2.78000000E+2,2.66357513E+2,6.98269963E-1,
332.031250,2.79000000E+2,2.66181946E+2,7.67396808E-1,
333.984380,2.66000000E+2,2.66006287E+2,-3.85457475E-4,
335.937500,2.96000000E+2,2.65830627E+2,1.75355923E+0,
337.890630,2.67000000E+2,2.65654907E+2,8.23183432E-2,
339.843750,2.91000000E+2,2.65479126E+2,1.49606013E+0,
341.796880,2.66000000E+2,2.65303345E+2,4.27146778E-2,
343.7500,2.52000000E+2,2.65127533E+2,-8.26956868E-1,
345.703130,2.60000000E+2,2.64951691E+2,-3.07090819E-1,
347.656250,2.78000000E+2,2.64775818E+2,7.93133736E-1,
349.609380,2.95000000E+2,2.64599915E+2,1.76996136E+0,
351.562500,2.51000000E+2,2.64424042E+2,-8.47317994E-1,
353.515630,2.32000000E+2,2.64248138E+2,-2.11719394E+0,
355.468750,2.72000000E+2,2.64072235E+2,4.80691344E-1,
357.421880,2.76000000E+2,2.63896332E+2,7.28555202E-1,
359.37500,2.60000000E+2,2.63720428E+2,-2.30731174E-1,
361.328130,2.77000000E+2,2.63544525E+2,8.08461130E-1,
363.281250,2.41000000E+2,2.63368652E+2,-1.44089162E+0,
365.234380,2.54000000E+2,2.63192780E+2,-5.76806307E-1,
367.187500,2.54000000E+2,2.63016907E+2,-5.65771043E-1,
369.140630,2.67000000E+2,2.62841095E+2,2.54520863E-1,
371.093750,2.69000000E+2,2.62665283E+2,3.86234492E-1,
373.046880,2.77000000E+2,2.62489502E+2,8.71851325E-1,
375.00,2.78000000E+2,2.62313721E+2,9.40800548E-1,
376.953130,2.75000000E+2,2.62138031E+2,7.75605917E-1,
378.906250,2.56000000E+2,2.61962341E+2,-3.72646332E-1,
380.859380,2.49000000E+2,2.61786713E+2,-8.10324967E-1,
382.812500,2.60000000E+2,2.61611115E+2,-9.99170765E-2,
384.765630,2.57000000E+2,2.61435547E+2,-2.76681811E-1,
386.718750,2.33000000E+2,2.61260040E+2,-1.85137677E+0,
388.671880,2.47000000E+2,2.61084564E+2,-8.96179378E-1,
390.62500,2.80000000E+2,2.60909180E+2,1.14089477E+0,
392.578130,2.78000000E+2,2.60733826E+2,1.03555632E+0,
394.531250,2.26000000E+2,2.60558533E+2,-2.29879951E+0,
396.484380,2.79000000E+2,2.60383301E+2,1.11455262E+0,
398.437500,2.62000000E+2,2.60208160E+2,1.10700220E-1,
400.390630,2.62000000E+2,2.60033051E+2,1.21518545E-1,
402.343750,2.55000000E+2,2.59858002E+2,-3.04219872E-1,
404.296880,2.73000000E+2,2.59683044E+2,8.05978835E-1,
406.2500,2.73000000E+2,2.59508148E+2,8.16564023E-1,
408.203130,2.43000000E+2,2.59333313E+2,-1.04778254E+0,
410.156250,2.46000000E+2,2.59158569E+2,-8.38959694E-1,
412.109380,2.48000000E+2,2.58983917E+2,-6.97479427E-1,
414.062500,2.52000000E+2,2.58809326E+2,-4.28947240E-1,
416.015630,2.37000000E+2,2.58634827E+2,-1.40533292E+0,
417.968750,2.80000000E+2,2.58460419E+2,1.28723621E+0,
419.921880,2.53000000E+2,2.58286102E+2,-3.32334399E-1,
421.87500,2.26000000E+2,2.58111847E+2,-2.13604832E+0,
423.828130,2.67000000E+2,2.57937683E+2,5.54604769E-1,
425.781250,2.39000000E+2,2.57763641E+2,-1.21371901E+0,
427.734380,2.50000000E+2,2.57589661E+2,-4.80012298E-1,
429.687500,2.35000000E+2,2.57415802E+2,-1.46224570E+0,
431.640630,2.35000000E+2,2.57242035E+2,-1.45091033E+0,
433.593750,2.56000000E+2,2.57068359E+2,-6.67724609E-2,
435.546880,2.62000000E+2,2.56894806E+2,3.15399945E-1,
437.500,2.61000000E+2,2.56721344E+2,2.64842153E-1,
439.453130,2.69000000E+2,2.56547974E+2,7.59213448E-1,
441.406250,2.55000000E+2,2.56374695E+2,-8.60867351E-2,
443.359380,2.47000000E+2,2.56201538E+2,-5.85479856E-1,
445.312500,2.69000000E+2,2.56028473E+2,7.90887952E-1,
447.265630,2.62000000E+2,2.55855530E+2,3.79606634E-1,
449.218750,2.64000000E+2,2.55682709E+2,5.11893928E-1,
451.171880,2.69000000E+2,2.55509979E+2,8.22501063E-1,
453.12500,2.97000000E+2,2.55337372E+2,2.41751075E+0,
455.078130,2.59000000E+2,2.55164886E+2,2.38302350E-1,
457.031250,2.30000000E+2,2.54992493E+2,-1.64795613E+0,
458.984380,2.68000000E+2,2.54820251E+2,8.05081248E-1,
460.937500,2.75000000E+2,2.54648102E+2,1.22726560E+0,
462.890630,2.58000000E+2,2.54476074E+2,2.19390035E-1,
464.843750,2.55000000E+2,2.54304169E+2,4.35746461E-2,
466.796880,2.36000000E+2,2.54132416E+2,-1.18031979E+0,
468.7500,2.46000000E+2,2.53960754E+2,-5.07559180E-1,
470.703130,2.59000000E+2,2.53789215E+2,3.23782414E-1,
472.656250,2.57000000E+2,2.53617828E+2,2.10974067E-1,
474.609380,2.29000000E+2,2.53446564E+2,-1.61547446E+0,
476.562500,2.39000000E+2,2.53275421E+2,-9.23400223E-1,
478.515630,2.42000000E+2,2.53104401E+2,-7.13817894E-1,
480.468750,2.53000000E+2,2.52933502E+2,4.18068096E-3,
482.421880,2.22000000E+2,2.52762726E+2,-2.06465888E+0,
484.37500,2.52000000E+2,2.52592102E+2,-3.72989252E-2,
486.328130,2.43000000E+2,2.52421600E+2,-6.04395926E-1,
488.281250,2.53000000E+2,2.52251251E+2,4.70734350E-2,
490.234380,2.63000000E+2,2.52081024E+2,6.73292875E-1,
492.187500,2.30000000E+2,2.51910919E+2,-1.44476318E+0,
494.140630,2.26000000E+2,2.51740967E+2,-1.71226358E+0,
496.093750,2.67000000E+2,2.51571136E+2,9.44231093E-1,
498.046880,3.10000000E+2,2.51401459E+2,3.32817340E+0,
500.00,2.54000000E+2,2.51231903E+2,1.73685849E-1,
501.953130,2.43000000E+2,2.51062500E+2,-5.17209589E-1,
503.906250,2.36000000E+2,2.50893219E+2,-9.69465971E-1,
505.859380,2.56000000E+2,2.50724091E+2,3.29744339E-1,
507.812500,2.51000000E+2,2.50555084E+2,2.80828346E-2,
509.765630,2.53000000E+2,2.50386230E+2,1.64326280E-1,
511.718750,2.58000000E+2,2.50217529E+2,4.84515458E-1,
513.671880,2.55000000E+2,2.50048981E+2,3.10044855E-1,
515.62500,2.44000000E+2,2.49880524E+2,-3.76461953E-1,
517.578130,2.55000000E+2,2.49712250E+2,3.31131786E-1,
519.531250,2.78000000E+2,2.49544128E+2,1.70666981E+0,
521.484380,2.39000000E+2,2.49376129E+2,-6.71176016E-1,
523.437500,2.58000000E+2,2.49208282E+2,5.47348440E-1,
525.390630,2.55000000E+2,2.49040588E+2,3.73192847E-1,
527.343750,2.51000000E+2,2.48873047E+2,1.34252086E-1,
529.296880,2.26000000E+2,2.48705627E+2,-1.51035583E+0,
531.2500,2.67000000E+2,2.48538361E+2,1.12983394E+0,
533.203130,2.58000000E+2,2.48371246E+2,5.99460006E-1,
535.156250,2.58000000E+2,2.48204285E+2,6.09854579E-1,
537.109380,2.55000000E+2,2.48037476E+2,4.36010212E-1,
539.062500,2.56000000E+2,2.47870819E+2,5.08073807E-1,
541.015630,2.43000000E+2,2.47704285E+2,-3.01779985E-1,
542.968750,2.58000000E+2,2.47537933E+2,6.51339829E-1,
544.921880,2.55000000E+2,2.47371704E+2,4.77702439E-1,
546.87500,2.46000000E+2,2.47205658E+2,-7.68699422E-2,
548.828130,2.60000000E+2,2.47039734E+2,8.03761601E-1,
550.781250,2.42000000E+2,2.46873962E+2,-3.13310176E-1,
552.734380,2.50000000E+2,2.46708374E+2,2.08180711E-1,
554.687500,2.34000000E+2,2.46542908E+2,-8.19955528E-1,
556.640630,2.40000000E+2,2.46377594E+2,-4.11671937E-1,
558.593750,2.62000000E+2,2.46212463E+2,9.75357294E-1,
560.546880,2.57000000E+2,2.46047455E+2,6.83201015E-1,
562.500,2.52000000E+2,2.45882629E+2,3.85358125E-1,
564.453130,2.78000000E+2,2.45717926E+2,1.93615019E+0,
566.406250,2.46000000E+2,2.45553406E+2,2.84738075E-2,
568.359380,2.30000000E+2,2.45389008E+2,-1.01472104E+0,
570.312500,2.30000000E+2,2.45224792E+2,-1.00389302E+0,
572.265630,2.64000000E+2,2.45060730E+2,1.16563153E+0,
574.218750,2.58000000E+2,2.44896820E+2,8.15768361E-1,
576.171880,2.35000000E+2,2.44733063E+2,-6.34914994E-1,
578.12500,2.42000000E+2,2.44569458E+2,-1.65171012E-1,
580.078130,2.61000000E+2,2.44406006E+2,1.02714241E+0,
582.031250,2.40000000E+2,2.44242706E+2,-2.73865521E-1,
583.984380,2.42000000E+2,2.44079590E+2,-1.33681089E-1,
585.937500,2.49000000E+2,2.43916595E+2,3.22147667E-1,
587.890630,2.43000000E+2,2.43753784E+2,-4.83552776E-2,
589.843750,2.75000000E+2,2.43591125E+2,1.89402640E+0,
591.796880,2.38000000E+2,2.43428619E+2,-3.51885140E-1,
593.7500,2.43000000E+2,2.43266266E+2,-1.70809627E-2,
595.703130,2.52000000E+2,2.43104095E+2,5.60389340E-1,
597.656250,2.45000000E+2,2.42942047E+2,1.31477788E-1,
599.609380,2.52000000E+2,2.42780182E+2,5.80793977E-1,
601.562500,2.50000000E+2,2.42618469E+2,4.66848999E-1,
603.515630,2.59000000E+2,2.42456909E+2,1.02793765E+0,
605.468750,2.64000000E+2,2.42295502E+2,1.33581960E+0,
607.421880,2.29000000E+2,2.42134277E+2,-8.67937505E-1,
609.37500,2.38000000E+2,2.41973206E+2,-2.57544667E-1,
611.328130,2.28000000E+2,2.41812286E+2,-9.14741039E-1,
613.281250,2.42000000E+2,2.41651520E+2,2.24011559E-2,
615.234380,2.67000000E+2,2.41490906E+2,1.56113124E+0,
617.187500,2.52000000E+2,2.41330475E+2,6.72116935E-1,
619.140630,2.43000000E+2,2.41170197E+2,1.17381945E-1,
621.093750,2.47000000E+2,2.41010071E+2,3.81130069E-1,
623.046880,2.54000000E+2,2.40850098E+2,8.25098276E-1,
625.00,2.40000000E+2,2.40690277E+2,-4.45571952E-2,
626.953130,2.68000000E+2,2.40530640E+2,1.67795825E+0,
628.906250,2.22000000E+2,2.40371155E+2,-1.23299122E+0,
630.859380,2.59000000E+2,2.40211853E+2,1.16743863E+0,
632.812500,2.37000000E+2,2.40052673E+2,-1.98292434E-1,
634.765630,2.52000000E+2,2.39893677E+2,7.62626708E-1,
636.718750,2.37000000E+2,2.39734833E+2,-1.77646473E-1,
638.671880,2.19000000E+2,2.39576141E+2,-1.39040673E+0,
640.62500,2.19000000E+2,2.39417633E+2,-1.37969577E+0,
642.578130,2.40000000E+2,2.39259247E+2,4.78154123E-2,
644.531250,2.16000000E+2,2.39101044E+2,-1.57182693E+0,
646.484380,2.38000000E+2,2.38943024E+2,-6.11271486E-2,
648.437500,2.50000000E+2,2.38785126E+2,7.09290922E-1,
650.390630,2.51000000E+2,2.38627411E+2,7.80950904E-1,
652.343750,2.53000000E+2,2.38469849E+2,9.13502812E-1,
654.296880,2.30000000E+2,2.38312439E+2,-5.48105955E-1,
656.2500,2.12000000E+2,2.38155212E+2,-1.79634738E+0,
658.203130,2.25000000E+2,2.37998108E+2,-8.66540551E-1,
660.156250,2.25000000E+2,2.37841217E+2,-8.56081128E-1,
662.109380,2.46000000E+2,2.37684448E+2,5.30180216E-1,
664.062500,2.31000000E+2,2.37527832E+2,-4.29499805E-1,
666.015630,2.39000000E+2,2.37371399E+2,1.05345443E-1,
667.968750,2.60000000E+2,2.37215118E+2,1.41305840E+0,
669.921880,2.38000000E+2,2.37059021E+2,6.09946102E-2,
671.87500,2.13000000E+2,2.36903046E+2,-1.63780975E+0,
673.828130,2.25000000E+2,2.36747253E+2,-7.83150256E-1,
675.781250,2.53000000E+2,2.36591614E+2,1.03158641E+0,
677.734380,2.53000000E+2,2.36436157E+2,1.04135990E+0,
679.687500,2.32000000E+2,2.36280823E+2,-2.81049788E-1,
681.640630,2.16000000E+2,2.36125671E+2,-1.36937845E+0,
683.593750,2.26000000E+2,2.35970673E+2,-6.63239300E-1,
685.546880,2.62000000E+2,2.35815857E+2,1.61766171E+0,
687.500,2.61000000E+2,2.35661163E+2,1.56843460E+0,
689.453130,2.45000000E+2,2.35506653E+2,6.06507719E-1,
691.406250,2.43000000E+2,2.35352295E+2,4.90600497E-1,
693.359380,2.45000000E+2,2.35198120E+2,6.26219094E-1,
695.312500,2.25000000E+2,2.35044067E+2,-6.69604480E-1,
697.265630,2.57000000E+2,2.34890198E+2,1.37917161E+0,
699.218750,2.24000000E+2,2.34736511E+2,-7.17363358E-1,
701.171880,2.50000000E+2,2.34582947E+2,9.75060105E-1,
703.12500,2.37000000E+2,2.34429565E+2,1.66967660E-1,
705.078130,2.07000000E+2,2.34276306E+2,-1.89583433E+0,
707.031250,2.30000000E+2,2.34123260E+2,-2.71879733E-1,
708.984380,2.34000000E+2,2.33970337E+2,1.93913665E-3,
710.937500,2.40000000E+2,2.33817596E+2,3.99072438E-1,
712.890630,2.29000000E+2,2.33664978E+2,-3.08270425E-1,
714.843750,2.33000000E+2,2.33512573E+2,-3.35797891E-2,
716.796880,2.41000000E+2,2.33360291E+2,4.92116958E-1,
718.7500,2.63000000E+2,2.33208160E+2,1.83704352E+0,
720.703130,2.53000000E+2,2.33056213E+2,1.25385511E+0,
722.656250,2.42000000E+2,2.32904419E+2,5.84686100E-1,
724.609380,2.18000000E+2,2.32752777E+2,-9.99184132E-1,
726.562500,2.58000000E+2,2.32601318E+2,1.58125281E+0,
728.515630,2.18000000E+2,2.32449982E+2,-9.78676260E-1,
730.468750,2.33000000E+2,2.32298828E+2,4.59352955E-2,
732.421880,2.64000000E+2,2.32147827E+2,1.96036577E+0,
734.37500,2.47000000E+2,2.31996979E+2,9.54619408E-1,
736.328130,2.40000000E+2,2.31846283E+2,5.26320159E-1,
738.281250,2.25000000E+2,2.31695770E+2,-4.46384698E-1,
740.234380,2.22000000E+2,2.31545380E+2,-6.40643954E-1,
742.187500,2.01000000E+2,2.31395203E+2,-2.14391232E+0,
744.140630,2.38000000E+2,2.31245148E+2,4.37852055E-1,
746.093750,2.15000000E+2,2.31095245E+2,-1.09768665E+0,
748.046880,2.30000000E+2,2.30945526E+2,-6.23461455E-2,
750.00,2.03000000E+2,2.30795959E+2,-1.95089388E+0,
751.953130,2.56000000E+2,2.30646545E+2,1.58459091E+0,
753.906250,2.25000000E+2,2.30497284E+2,-3.66485596E-1,
755.859380,2.23000000E+2,2.30348175E+2,-4.92070198E-1,
757.812500,2.58000000E+2,2.30199249E+2,1.73079908E+0,
759.765630,2.53000000E+2,2.30050446E+2,1.44282615E+0,
761.718750,2.16000000E+2,2.29901825E+2,-9.45899367E-1,
763.671880,2.25000000E+2,2.29753326E+2,-3.16888422E-1,
765.62500,2.22000000E+2,2.29605011E+2,-5.10414898E-1,
767.578130,2.15000000E+2,2.29456879E+2,-9.85950947E-1,
769.531250,2.47000000E+2,2.29308868E+2,1.12565970E+0,
771.484380,2.12000000E+2,2.29161011E+2,-1.17862308E+0,
773.437500,2.23000000E+2,2.29013336E+2,-4.02682781E-1,
775.390630,2.64000000E+2,2.28865814E+2,2.16235971E+0,
777.343750,2.21000000E+2,2.28718445E+2,-5.19198775E-1,
779.296880,2.19000000E+2,2.28571228E+2,-6.46763623E-1,
781.2500,2.29000000E+2,2.28424164E+2,3.80523279E-2,
783.203130,2.28000000E+2,2.28277252E+2,-1.83614753E-2,
785.156250,2.09000000E+2,2.28130493E+2,-1.32328391E+0,
787.109380,2.45000000E+2,2.27983917E+2,1.08711767E+0,
789.062500,2.25000000E+2,2.27837463E+2,-1.89164221E-1,
791.015630,2.17000000E+2,2.27691193E+2,-7.25765467E-1,
792.968750,1.97000000E+2,2.27545044E+2,-2.17624426E+0,
794.921880,2.23000000E+2,2.27399078E+2,-2.94584095E-1,
796.87500,2.24000000E+2,2.27253265E+2,-2.17367947E-1,
798.828130,2.23000000E+2,2.27107605E+2,-2.75065571E-1,
800.781250,2.28000000E+2,2.26962097E+2,6.87367916E-2,
802.734380,2.37000000E+2,2.26816772E+2,6.61471665E-1,
804.687500,2.12000000E+2,2.26671570E+2,-1.00764751E+0,
806.640630,1.88000000E+2,2.26526520E+2,-2.80983520E+0,
808.593750,2.36000000E+2,2.26381653E+2,6.26101077E-1,
810.546880,2.43000000E+2,2.26236908E+2,1.07535279E+0,
812.500,1.99000000E+2,2.26092346E+2,-1.92052543E+0,
814.453130,2.09000000E+2,2.25947906E+2,-1.17231119E+0,
816.406250,2.31000000E+2,2.25803650E+2,3.41894746E-1,
818.359380,1.96000000E+2,2.25659546E+2,-2.11853886E+0,
820.312500,2.13000000E+2,2.25515564E+2,-8.57552290E-1,
822.265630,2.44000000E+2,2.25371765E+2,1.19255054E+0,
824.218750,2.13000000E+2,2.25228119E+2,-8.37856889E-1,
826.171880,2.20000000E+2,2.25084625E+2,-3.42805356E-1,
828.12500,2.28000000E+2,2.24941284E+2,2.02568412E-1,
830.078130,2.21000000E+2,2.24798065E+2,-2.55485505E-1,
832.031250,2.27000000E+2,2.24655029E+2,1.55641168E-1,
833.984380,2.15000000E+2,2.24512146E+2,-6.48722947E-1,
835.937500,2.22000000E+2,2.24369415E+2,-1.59024745E-1,
837.890630,2.38000000E+2,2.24226837E+2,8.92781556E-1,
839.843750,2.18000000E+2,2.24084412E+2,-4.12088335E-1,
841.796880,2.17000000E+2,2.23942139E+2,-4.71263081E-1,
843.7500,2.19000000E+2,2.23800018E+2,-3.24355185E-1,
845.703130,2.11000000E+2,2.23658020E+2,-8.71414065E-1,
847.656250,2.14000000E+2,2.23516205E+2,-6.50514364E-1,
849.609380,2.37000000E+2,2.23374542E+2,8.85068595E-1,
851.562500,2.06000000E+2,2.23233002E+2,-1.20068014E+0,
853.515630,2.20000000E+2,2.23091644E+2,-2.08438605E-1,
855.468750,2.20000000E+2,2.22950439E+2,-1.98918581E-1,
857.421880,2.37000000E+2,2.22809387E+2,9.21779335E-1,
859.37500,2.41000000E+2,2.22668488E+2,1.18083656E+0,
861.328130,2.01000000E+2,2.22527740E+2,-1.51844966E+0,
863.281250,1.87000000E+2,2.22387115E+2,-2.58776212E+0,
865.234380,2.16000000E+2,2.22246643E+2,-4.25030231E-1,
867.187500,2.11000000E+2,2.22106354E+2,-7.64592946E-1,
869.140630,2.38000000E+2,2.21966187E+2,1.03931773E+0,
871.093750,2.28000000E+2,2.21826172E+2,4.08871770E-1,
873.046880,2.31000000E+2,2.21686310E+2,6.12795830E-1,
875.00,2.25000000E+2,2.21546600E+2,2.30226651E-1,
876.953130,1.92000000E+2,2.21407043E+2,-2.12227058E+0,
878.906250,2.10000000E+2,2.21267639E+2,-7.77540982E-1,
880.859380,1.80000000E+2,2.21128387E+2,-3.06552911E+0,
882.812500,2.02000000E+2,2.20989288E+2,-1.33608162E+0,
884.765630,2.22000000E+2,2.20850342E+2,7.71600083E-2,
886.718750,2.23000000E+2,2.20711517E+2,1.53248131E-1,
888.671880,2.19000000E+2,2.20572845E+2,-1.06283046E-1,
890.62500,2.59000000E+2,2.20434357E+2,2.39635253E+0,
892.578130,2.27000000E+2,2.20295990E+2,4.44960773E-1,
894.531250,2.25000000E+2,2.20157776E+2,3.22814941E-1,
896.484380,2.00000000E+2,2.20019714E+2,-1.41560757E+0,
898.437500,2.09000000E+2,2.19881790E+2,-7.52709150E-1,
900.390630,2.27000000E+2,2.19744019E+2,4.81596380E-1,
902.343750,2.29000000E+2,2.19606400E+2,6.20746613E-1,
904.296880,2.03000000E+2,2.19468933E+2,-1.15589249E+0,
906.2500,1.92000000E+2,2.19331604E+2,-1.97248864E+0,
908.203130,2.05000000E+2,2.19194427E+2,-9.91381824E-1,
910.156250,2.51000000E+2,2.19057388E+2,2.01619983E+0,
912.109380,2.18000000E+2,2.18920502E+2,-6.23442419E-2,
914.062500,2.26000000E+2,2.18783768E+2,4.80016619E-1,
916.015630,2.21000000E+2,2.18647186E+2,1.58267379E-1,
917.968750,2.21000000E+2,2.18510742E+2,1.67445600E-1,
919.921880,2.37000000E+2,2.18374435E+2,1.20986044E+0,
921.87500,2.35000000E+2,2.18238281E+2,1.09341395E+0,
923.828130,2.37000000E+2,2.18102295E+2,1.22753787E+0,
925.781250,2.18000000E+2,2.17966431E+2,2.27360218E-3,
927.734380,2.40000000E+2,2.17830719E+2,1.43102098E+0,
929.687500,2.33000000E+2,2.17695160E+2,1.00265336E+0,
931.640630,1.97000000E+2,2.17559738E+2,-1.46482062E+0,
933.593750,2.01000000E+2,2.17424469E+2,-1.15849268E+0,
935.546880,2.60000000E+2,2.17289337E+2,2.64880276E+0,
937.500,2.30000000E+2,2.17154358E+2,8.47016513E-1,
939.453130,2.53000000E+2,2.17019531E+2,2.26207280E+0,
941.406250,2.29000000E+2,2.16884827E+2,8.00593197E-1,
943.359380,2.22000000E+2,2.16750290E+2,3.52337480E-1,
945.312500,2.21000000E+2,2.16615875E+2,2.94908166E-1,
947.265630,2.13000000E+2,2.16481628E+2,-2.38557249E-1,
949.218750,2.33000000E+2,2.16347519E+2,1.09094036E+0,
951.171880,2.20000000E+2,2.16213562E+2,2.55281597E-1,
953.12500,2.36000000E+2,2.16079727E+2,1.29669929E+0,
955.078130,2.18000000E+2,2.15946045E+2,1.39111385E-1,
957.031250,2.17000000E+2,2.15812515E+2,8.06117132E-2,
958.984380,2.24000000E+2,2.15679123E+2,5.55962026E-1,
960.937500,2.12000000E+2,2.15545868E+2,-2.43531212E-1,
962.890630,2.23000000E+2,2.15412781E+2,5.08077800E-1,
964.843750,2.07000000E+2,2.15279816E+2,-5.75486958E-1,
966.796880,2.09000000E+2,2.15147003E+2,-4.25197095E-1,
968.7500,2.44000000E+2,2.15014313E+2,1.85561848E+0,
970.703130,2.11000000E+2,2.14881790E+2,-2.67233461E-1,
972.656250,1.87000000E+2,2.14749390E+2,-2.02923632E+0,
974.609380,2.36000000E+2,2.14617157E+2,1.39190447E+0,
976.562500,2.08000000E+2,2.14485046E+2,-4.49657083E-1,
978.515630,2.19000000E+2,2.14353088E+2,3.14009190E-1,
980.468750,2.33000000E+2,2.14221252E+2,1.23023665E+0,
982.421880,2.19000000E+2,2.14089584E+2,3.31815124E-1,
984.37500,2.02000000E+2,2.13958038E+2,-8.41364622E-1,
986.328130,2.17000000E+2,2.13826660E+2,2.15420350E-1,
988.281250,1.84000000E+2,2.13695404E+2,-2.18917418E+0,
990.234380,2.34000000E+2,2.13564301E+2,1.33592355E+0,
992.187500,2.07000000E+2,2.13433334E+2,-4.47147638E-1,
994.140630,2.13000000E+2,2.13302505E+2,-2.07273345E-2,
996.093750,2.09000000E+2,2.13171814E+2,-2.88570404E-1,
998.046880,2.45000000E+2,2.13041260E+2,2.04176903E+0,
1000.00,2.25000000E+2,2.12910858E+2,8.05942774E-1,
1001.953100,2.04000000E+2,2.12780609E+2,-6.14765644E-1,
1003.906300,2.00000000E+2,2.12650482E+2,-8.94524157E-1,
1005.859400,2.04000000E+2,2.12520493E+2,-5.96553802E-1,
1007.812500,2.06000000E+2,2.12390656E+2,-4.45258081E-1,
1009.765600,2.35000000E+2,2.12260956E+2,1.48333168E+0,
1011.718800,2.04000000E+2,2.12131378E+2,-5.69310367E-1,
1013.671900,2.19000000E+2,2.12001968E+2,4.72883135E-1,
1015.625000,2.28000000E+2,2.11872681E+2,1.06805778E+0,
1017.578100,2.21000000E+2,2.11743530E+2,6.22657537E-1,
1019.531300,1.99000000E+2,2.11614532E+2,-8.94220471E-1,
1021.484400,2.40000000E+2,2.11485672E+2,1.84059203E+0,
1023.437500,2.07000000E+2,2.11356934E+2,-3.02827805E-1,
1025.390600,2.10000000E+2,2.11228363E+2,-8.47651064E-2,
1027.343800,2.23000000E+2,2.11099915E+2,7.96888709E-1,
1029.296900,2.21000000E+2,2.10971588E+2,6.74583972E-1,
1031.25000,1.86000000E+2,2.10843430E+2,-1.82160866E+0,
1033.203100,2.39000000E+2,2.10715393E+2,1.82957911E+0,
1035.156300,2.18000000E+2,2.10587494E+2,5.02038240E-1,
1037.109400,2.23000000E+2,2.10459747E+2,8.39757442E-1,
1039.062500,2.21000000E+2,2.10332123E+2,7.17599094E-1,
1041.015600,2.27000000E+2,2.10204651E+2,1.11474645E+0,
1042.968800,2.09000000E+2,2.10077301E+2,-7.45184720E-2,
1044.921900,1.99000000E+2,2.09950104E+2,-7.76232243E-1,
1046.875000,2.08000000E+2,2.09823029E+2,-1.26404285E-1,
1048.828100,2.07000000E+2,2.09696091E+2,-1.87391251E-1,
1050.781300,2.53000000E+2,2.09569305E+2,2.73046446E+0,
1052.734400,2.20000000E+2,2.09442627E+2,7.11777925E-1,
1054.687500,2.05000000E+2,2.09316116E+2,-3.01450640E-1,
1056.640600,2.17000000E+2,2.09189728E+2,5.30195832E-1,
1058.593800,2.18000000E+2,2.09063477E+2,6.05257750E-1,
1060.546900,1.96000000E+2,2.08937363E+2,-9.24097300E-1,
1062.5000,2.17000000E+2,2.08811386E+2,5.55879354E-1,
1064.453100,1.92000000E+2,2.08685547E+2,-1.20417559E+0,
1066.406300,2.25000000E+2,2.08559845E+2,1.09601033E+0,
1068.359400,2.28000000E+2,2.08434265E+2,1.29577243E+0,
1070.312500,1.95000000E+2,2.08308838E+2,-9.53065693E-1,
1072.265600,2.02000000E+2,2.08183533E+2,-4.35071826E-1,
1074.218800,2.07000000E+2,2.08058380E+2,-7.35625029E-2,
1076.171900,2.06000000E+2,2.07933350E+2,-1.34702846E-1,
1078.125000,2.13000000E+2,2.07808472E+2,3.55717659E-1,
1080.078100,2.08000000E+2,2.07683701E+2,2.19314210E-2,
1082.031300,2.21000000E+2,2.07559082E+2,9.04133976E-1,
1083.984400,1.88000000E+2,2.07434586E+2,-1.41741276E+0,
1085.937500,2.37000000E+2,2.07310226E+2,1.92855799E+0,
1087.890600,2.24000000E+2,2.07186005E+2,1.12343240E+0,
1089.843800,2.06000000E+2,2.07061920E+2,-7.39874840E-2,
1091.796900,1.94000000E+2,2.06937973E+2,-9.28892314E-1,
1093.75000,1.96000000E+2,2.06814148E+2,-7.72439122E-1,
1095.703100,2.05000000E+2,2.06690475E+2,-1.18067928E-1,
1097.656300,2.10000000E+2,2.06566925E+2,2.36904681E-1,
1099.609400,2.17000000E+2,2.06443512E+2,7.16621101E-1,
1101.562500,2.05000000E+2,2.06320221E+2,-9.22082290E-2,
1103.515600,1.88000000E+2,2.06197083E+2,-1.32715857E+0,
1105.468800,2.06000000E+2,2.06074066E+2,-5.16043417E-3,
1107.421900,2.05000000E+2,2.05951172E+2,-6.64327219E-2,
1109.375000,1.98000000E+2,2.05828430E+2,-5.56342304E-1,
1111.328100,2.19000000E+2,2.05705811E+2,8.98338079E-1,
1113.281300,2.12000000E+2,2.05583313E+2,4.40699875E-1,
1115.234400,1.97000000E+2,2.05460968E+2,-6.02819026E-1,
1117.187500,1.92000000E+2,2.05338745E+2,-9.62641001E-1,
1119.140600,2.39000000E+2,2.05216644E+2,2.18526363E+0,
1121.093800,2.16000000E+2,2.05094696E+2,7.42011964E-1,
1123.046900,1.95000000E+2,2.04972870E+2,-7.14172065E-1,
1125.000,1.84000000E+2,2.04851166E+2,-1.53716838E+0,
1126.953100,2.04000000E+2,2.04729584E+2,-5.10810800E-2,
1128.906300,1.83000000E+2,2.04608154E+2,-1.59732068E+0,
1130.859400,2.14000000E+2,2.04486862E+2,6.50304675E-1,
1132.812500,2.12000000E+2,2.04365692E+2,5.24326444E-1,
1134.765600,2.36000000E+2,2.04244629E+2,2.06709862E+0,
1136.718800,2.07000000E+2,2.04123734E+2,1.99914336E-1,
1138.671900,2.08000000E+2,2.04002960E+2,2.77144849E-1,
1140.625000,1.86000000E+2,2.03882294E+2,-1.31119335E+0,
1142.578100,2.07000000E+2,2.03761780E+2,2.25071862E-1,
1144.531300,1.99000000E+2,2.03641388E+2,-3.29019278E-1,
1146.484400,1.89000000E+2,2.03521133E+2,-1.05625701E+0,
1148.437500,1.67000000E+2,2.03401001E+2,-2.81679416E+0,
1150.390600,2.07000000E+2,2.03281006E+2,2.58487970E-1,
1152.343800,2.07000000E+2,2.03161133E+2,2.66819715E-1,
1154.296900,1.94000000E+2,2.03041412E+2,-6.49135590E-1,
1156.25000,1.97000000E+2,2.02921783E+2,-4.21909600E-1,
1158.203100,2.27000000E+2,2.02802307E+2,1.60605729E+0,
1160.156300,2.34000000E+2,2.02682953E+2,2.04725957E+0,
1162.109400,2.30000000E+2,2.02563721E+2,1.80909467E+0,
1164.062500,2.17000000E+2,2.02444641E+2,9.88082170E-1,
1166.015600,1.87000000E+2,2.02325653E+2,-1.12072277E+0,
1167.968800,1.82000000E+2,2.02206818E+2,-1.49782896E+0,
1169.921900,2.10000000E+2,2.02088104E+2,5.45972705E-1,
1171.875000,1.92000000E+2,2.01969528E+2,-7.19488740E-1,
1173.828100,1.86000000E+2,2.01851074E+2,-1.16225719E+0,
1175.781300,2.05000000E+2,2.01732758E+2,2.28194103E-1,
1177.734400,2.18000000E+2,2.01614563E+2,1.10976183E+0,
1179.687500,2.01000000E+2,2.01496490E+2,-3.50197367E-2,
1181.640600,2.06000000E+2,2.01378540E+2,3.21992368E-1,
1183.593800,1.99000000E+2,2.01260727E+2,-1.60258681E-1,
1185.546900,1.86000000E+2,2.01143036E+2,-1.11034131E+0,
1187.5000,1.89000000E+2,2.01025482E+2,-8.74725103E-1,
1189.453100,2.12000000E+2,2.00908051E+2,7.61798203E-1,
1191.406300,2.13000000E+2,2.00790741E+2,8.36564660E-1,
1193.359400,1.84000000E+2,2.00673553E+2,-1.22919071E+0,
1195.312500,2.04000000E+2,2.00556503E+2,2.41092995E-1,
1197.265600,2.29000000E+2,2.00439575E+2,1.88732600E+0,
1199.218800,1.89000000E+2,2.00322769E+2,-8.23610246E-1,
1201.171900,1.95000000E+2,2.00206085E+2,-3.72815520E-1,
1203.125000,1.58000000E+2,2.00089539E+2,-3.34846401E+0,
1205.078100,1.95000000E+2,1.99973129E+2,-3.56133193E-1,
1207.031300,2.13000000E+2,1.99856827E+2,9.00555372E-1,
1208.984400,2.00000000E+2,1.99740662E+2,1.83379930E-2,
1210.937500,1.94000000E+2,1.99624603E+2,-4.03822988E-1,
1212.890600,1.87000000E+2,1.99508698E+2,-9.14726555E-1,
1214.843800,1.86000000E+2,1.99392899E+2,-9.82014954E-1,
1216.796900,2.01000000E+2,1.99277222E+2,1.21515416E-1,
1218.75000,2.04000000E+2,1.99161682E+2,3.38750005E-1,
1220.703100,2.28000000E+2,1.99046265E+2,1.91750801E+0,
1222.656300,1.83000000E+2,1.98930969E+2,-1.17765117E+0,
1224.609400,1.95000000E+2,1.98815796E+2,-2.73254812E-1,
1226.562500,1.77000000E+2,1.98700745E+2,-1.63112783E+0,
1228.515600,1.84000000E+2,1.98585815E+2,-1.07528055E+0,
1230.468800,2.08000000E+2,1.98471024E+2,6.60715640E-1,
1232.421900,2.11000000E+2,1.98356354E+2,8.70424509E-1,
1234.375000,1.92000000E+2,1.98241791E+2,-4.50462461E-1,
1236.328100,1.96000000E+2,1.98127365E+2,-1.51954651E-1,
1238.281300,2.09000000E+2,1.98013062E+2,7.59982407E-1,
1240.234400,2.02000000E+2,1.97898880E+2,2.88553804E-1,
1242.187500,2.08000000E+2,1.97784821E+2,7.08295286E-1,
1244.140600,2.30000000E+2,1.97670898E+2,2.13171768E+0,
1246.093800,2.16000000E+2,1.97557068E+2,1.25488257E+0,
1248.046900,1.88000000E+2,1.97443390E+2,-6.88730001E-1,
1250.00,2.07000000E+2,1.97329834E+2,6.72123015E-1,
1251.953100,1.91000000E+2,1.97216400E+2,-4.49802935E-1,
1253.906300,2.11000000E+2,1.97103088E+2,9.56702888E-1,
1255.859400,1.90000000E+2,1.96989868E+2,-5.07098317E-1,
1257.812500,2.23000000E+2,1.96876801E+2,1.74933887E+0,
1259.765600,1.91000000E+2,1.96763855E+2,-4.17057902E-1,
1261.718800,2.04000000E+2,1.96651031E+2,5.14530718E-1,
1263.671900,1.74000000E+2,1.96538330E+2,-1.70862639E+0,
1265.625000,1.73000000E+2,1.96425735E+2,-1.78102565E+0,
1267.578100,1.99000000E+2,1.96313263E+2,1.90457746E-1,
1269.531300,1.98000000E+2,1.96200928E+2,1.27854496E-1,
1271.484400,1.80000000E+2,1.96088715E+2,-1.19918203E+0,
1273.437500,2.02000000E+2,1.95976593E+2,4.23805445E-1,
1275.390600,1.98000000E+2,1.95864624E+2,1.51754558E-1,
1277.343800,1.96000000E+2,1.95752777E+2,1.76587775E-2,
1279.296900,1.83000000E+2,1.95641022E+2,-9.34451222E-1,
1281.25000,1.92000000E+2,1.95529419E+2,-2.54713863E-1,
1283.203100,1.98000000E+2,1.95417908E+2,1.83501303E-1,
1285.156300,1.97000000E+2,1.95306549E+2,1.20653383E-1,
1287.109400,1.97000000E+2,1.95195282E+2,1.28580838E-1,
1289.062500,2.02000000E+2,1.95084152E+2,4.86597359E-1,
1291.015600,1.97000000E+2,1.94973145E+2,1.44407466E-1,
1292.968800,1.97000000E+2,1.94862244E+2,1.52308837E-1,
1294.921900,1.76000000E+2,1.94751465E+2,-1.41344488E+0,
1296.875000,2.10000000E+2,1.94640808E+2,1.05988491E+0,
1298.828100,2.15000000E+2,1.94530273E+2,1.39602375E+0,
1300.781300,1.82000000E+2,1.94419861E+2,-9.20621336E-1,
1302.734400,1.76000000E+2,1.94309555E+2,-1.38013470E+0,
1304.687500,1.78000000E+2,1.94199371E+2,-1.21419418E+0,
1306.640600,2.11000000E+2,1.94089325E+2,1.16417885E+0,
1308.593800,1.93000000E+2,1.93979370E+2,-7.04966038E-2,
1310.546900,1.81000000E+2,1.93869553E+2,-9.56586301E-1,
1312.5000,2.07000000E+2,1.93759857E+2,9.20253515E-1,
1314.453100,2.04000000E+2,1.93650269E+2,7.24626184E-1,
1316.406300,2.14000000E+2,1.93540802E+2,1.39856195E+0,
1318.359400,1.77000000E+2,1.93431458E+2,-1.23506403E+0,
1320.312500,1.97000000E+2,1.93322220E+2,2.62030989E-1,
1322.265600,1.83000000E+2,1.93213104E+2,-7.54974365E-1,
1324.218800,2.18000000E+2,1.93104111E+2,1.68616235E+0,
1326.171900,1.90000000E+2,1.92995239E+2,-2.17297494E-1,
1328.125000,1.84000000E+2,1.92886475E+2,-6.55119598E-1,
1330.078100,2.12000000E+2,1.92777832E+2,1.32018387E+0,
1332.031300,1.87000000E+2,1.92669327E+2,-4.14582253E-1,
1333.984400,2.06000000E+2,1.92560913E+2,9.36345577E-1,
1335.937500,1.83000000E+2,1.92452637E+2,-6.98759019E-1,
1337.890600,1.95000000E+2,1.92344452E+2,1.90167755E-1,
1339.843800,1.81000000E+2,1.92236404E+2,-8.35195363E-1,
1341.796900,2.01000000E+2,1.92128464E+2,6.25749886E-1,
1343.75000,1.88000000E+2,1.92020645E+2,-2.93235689E-1,
1345.703100,1.70000000E+2,1.91912933E+2,-1.68064523E+0,
1347.656300,1.89000000E+2,1.91805359E+2,-2.04059824E-1,
1349.609400,2.01000000E+2,1.91697876E+2,6.56121254E-1,
1351.562500,1.94000000E+2,1.91590515E+2,1.72990933E-1,
1353.515600,2.24000000E+2,1.91483276E+2,2.17261505E+0,
1355.468800,2.00000000E+2,1.91376160E+2,6.09797597E-1,
1357.421900,2.07000000E+2,1.91269135E+2,1.09337068E+0,
1359.375000,1.77000000E+2,1.91162262E+2,-1.06450081E+0,
1361.328100,1.92000000E+2,1.91055481E+2,6.81647882E-2,
1363.281300,1.84000000E+2,1.90948822E+2,-5.12273967E-1,
1365.234400,1.91000000E+2,1.90842285E+2,1.14118457E-2,
1367.187500,1.73000000E+2,1.90735840E+2,-1.34843087E+0,
1369.140600,2.02000000E+2,1.90629517E+2,8.00024390E-1,
1371.093800,1.83000000E+2,1.90523315E+2,-5.56139469E-1,
1373.046900,2.08000000E+2,1.90417236E+2,1.21914530E+0,
1375.000,1.85000000E+2,1.90311264E+2,-3.90491903E-1,
1376.953100,1.98000000E+2,1.90205414E+2,5.53937137E-1,
1378.906300,2.01000000E+2,1.90099670E+2,7.68849969E-1,
1380.859400,1.80000000E+2,1.89994034E+2,-7.44911313E-1,
1382.812500,1.74000000E+2,1.89888519E+2,-1.20450556E+0,
1384.765600,1.82000000E+2,1.89783112E+2,-5.76922596E-1,
1386.718800,2.00000000E+2,1.89677826E+2,7.29887903E-1,
1388.671900,1.97000000E+2,1.89572662E+2,5.29175878E-1,
1390.625000,1.97000000E+2,1.89467590E+2,5.36661983E-1,
1392.578100,1.96000000E+2,1.89362656E+2,4.74096030E-1,
1394.531300,1.88000000E+2,1.89257813E+2,-9.17354003E-2,
1396.484400,1.93000000E+2,1.89153107E+2,2.76905447E-1,
1398.437500,1.99000000E+2,1.89048492E+2,7.05443680E-1,
1400.390600,1.84000000E+2,1.88944000E+2,-3.64476532E-1,
1402.343800,1.75000000E+2,1.88839630E+2,-1.04617774E+0,
1404.296900,1.84000000E+2,1.88735352E+2,-3.49094748E-1,
1406.25000,2.06000000E+2,1.88631195E+2,1.21014202E+0,
1408.203100,1.77000000E+2,1.88527161E+2,-8.66434455E-1,
1410.156300,2.00000000E+2,1.88423233E+2,8.18601012E-1,
1412.109400,1.85000000E+2,1.88319412E+2,-2.44048044E-1,
1414.062500,1.86000000E+2,1.88215698E+2,-1.62462875E-1,
1416.015600,1.80000000E+2,1.88112122E+2,-6.04641855E-1,
1417.968800,1.61000000E+2,1.88008636E+2,-2.12857866E+0,
1419.921900,1.61000000E+2,1.87905273E+2,-2.12043262E+0,
1421.875000,1.79000000E+2,1.87802002E+2,-6.57892525E-1,
1423.828100,1.90000000E+2,1.87698868E+2,1.66941673E-1,
1425.781300,1.88000000E+2,1.87595825E+2,2.94774771E-2,
1427.734400,1.94000000E+2,1.87492905E+2,4.67182219E-1,
1429.687500,1.81000000E+2,1.87390106E+2,-4.74972874E-1,
1431.640600,1.94000000E+2,1.87287384E+2,4.81937736E-1,
1433.593800,1.81000000E+2,1.87184814E+2,-4.59713638E-1,
1435.546900,1.82000000E+2,1.87082321E+2,-3.76726717E-1,
1437.5000,1.90000000E+2,1.86979950E+2,2.19097465E-1,
1439.453100,1.88000000E+2,1.86877686E+2,8.18531960E-2,
1441.406300,1.84000000E+2,1.86775543E+2,-2.04615757E-1,
1443.359400,2.07000000E+2,1.86673508E+2,1.41278887E+0,
1445.312500,1.72000000E+2,1.86571579E+2,-1.11107242E+0,
1447.265600,1.97000000E+2,1.86469757E+2,7.50248730E-1,
1449.218800,2.02000000E+2,1.86368042E+2,1.09986067E+0,
1451.171900,2.03000000E+2,1.86266449E+2,1.17446506E+0,
1453.125000,1.87000000E+2,1.86164978E+2,6.10628538E-2,
1455.078100,1.81000000E+2,1.86063599E+2,-3.76374334E-1,
1457.031300,1.80000000E+2,1.85962326E+2,-4.44405556E-1,
1458.984400,2.14000000E+2,1.85861176E+2,1.92353046E+0,
1460.937500,1.99000000E+2,1.85760117E+2,9.38550472E-1,
1462.890600,2.30000000E+2,1.85659180E+2,2.92374706E+0,
1464.843800,1.84000000E+2,1.85558350E+2,-1.14883058E-1,
1466.796900,1.73000000E+2,1.85457611E+2,-9.47134614E-1,
1468.75000,1.68000000E+2,1.85357010E+2,-1.33912241E+0,
1470.703100,2.01000000E+2,1.85256500E+2,1.11046088E+0,
1472.656300,1.86000000E+2,1.85156113E+2,6.18768223E-2,
1474.609400,1.99000000E+2,1.85055817E+2,9.88476932E-1,
1476.562500,1.74000000E+2,1.84955643E+2,-8.30545127E-1,
1478.515600,1.91000000E+2,1.84855560E+2,4.44596052E-1,
1480.468800,1.68000000E+2,1.84755600E+2,-1.29272258E+0,
1482.421900,1.86000000E+2,1.84655762E+2,9.85643342E-2,
1484.375000,1.96000000E+2,1.84556000E+2,8.17428589E-1,
1486.328100,1.98000000E+2,1.84456360E+2,9.62504566E-1,
1488.281300,1.96000000E+2,1.84356842E+2,8.31654131E-1,
1490.234400,1.64000000E+2,1.84257416E+2,-1.58183837E+0,
1492.187500,1.91000000E+2,1.84158081E+2,4.95063871E-1,
1494.140600,1.88000000E+2,1.84058868E+2,2.87436545E-1,
1496.093800,1.90000000E+2,1.83959778E+2,4.38203782E-1,
1498.046900,1.75000000E+2,1.83860779E+2,-6.69811904E-1,
1500.00,2.04000000E+2,1.83761902E+2,1.41695035E+0,
1501.953100,2.09000000E+2,1.83663116E+2,1.75258887E+0,
1503.906300,1.90000000E+2,1.83564438E+2,4.66884762E-1,
1505.859400,1.72000000E+2,1.83465881E+2,-8.74265254E-1,
1507.812500,1.79000000E+2,1.83367401E+2,-3.26434880E-1,
1509.765600,1.86000000E+2,1.83269058E+2,2.00242370E-1,
1511.718800,1.84000000E+2,1.83170807E+2,6.11289293E-2,
1513.671900,1.97000000E+2,1.83072662E+2,9.92281735E-1,
1515.625000,1.95000000E+2,1.82974625E+2,8.61155033E-1,
1517.578100,1.94000000E+2,1.82876709E+2,7.98605740E-1,
1519.531300,1.61000000E+2,1.82778870E+2,-1.71641541E+0,
1521.484400,1.87000000E+2,1.82681152E+2,3.15825433E-1,
1523.437500,1.80000000E+2,1.82583557E+2,-1.92566976E-1,
1525.390600,1.98000000E+2,1.82486053E+2,1.10252821E+0,
1527.343800,1.88000000E+2,1.82388641E+2,4.09250379E-1,
1529.296900,1.70000000E+2,1.82291351E+2,-9.42703605E-1,
1531.25000,1.71000000E+2,1.82194153E+2,-8.56038272E-1,
1533.203100,1.67000000E+2,1.82097061E+2,-1.16824567E+0,
1535.156300,1.84000000E+2,1.82000076E+2,1.47436336E-1,
1537.109400,1.95000000E+2,1.81903198E+2,9.37881470E-1,
1539.062500,1.84000000E+2,1.81806427E+2,1.61712348E-1,
1541.015600,1.91000000E+2,1.81709763E+2,6.72217965E-1,
1542.968800,1.90000000E+2,1.81613190E+2,6.08443201E-1,
1544.921900,1.70000000E+2,1.81516739E+2,-8.83293569E-1,
1546.875000,2.02000000E+2,1.81420380E+2,1.44797707E+0,
1548.828100,2.08000000E+2,1.81324127E+2,1.84963906E+0,
1550.781300,1.94000000E+2,1.81227997E+2,9.16976392E-1,
1552.734400,1.71000000E+2,1.81131958E+2,-7.74810195E-1,
1554.687500,1.84000000E+2,1.81036011E+2,2.18508184E-1,
1556.640600,1.93000000E+2,1.80940170E+2,8.68085504E-1,
1558.593800,1.97000000E+2,1.80844437E+2,1.15103626E+0,
1560.546900,1.85000000E+2,1.80748810E+2,3.12553734E-1,
1562.5000,1.91000000E+2,1.80653290E+2,7.48661697E-1,
1564.453100,1.56000000E+2,1.80557861E+2,-1.96620250E+0,
1566.406300,1.88000000E+2,1.80462555E+2,5.49724698E-1,
1568.359400,2.04000000E+2,1.80367340E+2,1.65461719E+0,
1570.312500,1.67000000E+2,1.80272217E+2,-1.02703500E+0,
1572.265600,1.78000000E+2,1.80177216E+2,-1.63189203E-1,
1574.218800,1.86000000E+2,1.80082306E+2,4.33906376E-1,
1576.171900,1.81000000E+2,1.79987488E+2,7.52594396E-2,
1578.125000,1.73000000E+2,1.79892792E+2,-5.24049222E-1,
1580.078100,1.80000000E+2,1.79798187E+2,1.50422342E-2,
1582.031300,1.67000000E+2,1.79703705E+2,-9.83042240E-1,
1583.984400,1.75000000E+2,1.79609299E+2,-3.48430216E-1,
1585.937500,1.94000000E+2,1.79515015E+2,1.03996134E+0,
1587.890600,1.84000000E+2,1.79420807E+2,3.37582588E-1,
1589.843800,1.92000000E+2,1.79326721E+2,9.14615154E-1,
1591.796900,1.61000000E+2,1.79232727E+2,-1.43694019E+0,
1593.75000,1.80000000E+2,1.79138855E+2,6.41859621E-2,
1595.703100,1.56000000E+2,1.79045059E+2,-1.84508145E+0,
1597.656300,1.71000000E+2,1.78951385E+2,-6.08057678E-1,
1599.609400,1.81000000E+2,1.78857788E+2,1.59229368E-1,
1601.562500,1.80000000E+2,1.78764313E+2,9.21026915E-2,
1603.515600,1.71000000E+2,1.78670929E+2,-5.86610615E-1,
1605.468800,1.77000000E+2,1.78577652E+2,-1.18583582E-1,
1607.421900,2.11000000E+2,1.78484467E+2,2.23846173E+0,
1609.375000,2.00000000E+2,1.78391388E+2,1.52795959E+0,
1611.328100,1.62000000E+2,1.78298416E+2,-1.28052449E+0,
1613.281300,1.77000000E+2,1.78205536E+2,-9.06136259E-2,
1615.234400,1.57000000E+2,1.78112762E+2,-1.68498194E+0,
1617.187500,1.69000000E+2,1.78020096E+2,-6.93853557E-1,
1619.140600,1.68000000E+2,1.77927521E+2,-7.65924871E-1,
1621.093800,1.88000000E+2,1.77835052E+2,7.41355002E-1,
1623.046900,1.72000000E+2,1.77742676E+2,-4.37874913E-1,
1625.000,1.67000000E+2,1.77650391E+2,-8.24151993E-1,
1626.953100,1.77000000E+2,1.77558212E+2,-4.19578031E-2,
1628.906300,1.79000000E+2,1.77466125E+2,1.14647165E-1,
1630.859400,1.76000000E+2,1.77374146E+2,-1.03580117E-1,
1632.812500,1.81000000E+2,1.77282272E+2,2.76336521E-1,
1634.765600,1.78000000E+2,1.77190491E+2,6.06752858E-2,
1636.718800,1.93000000E+2,1.77098816E+2,1.14459229E+0,
1638.671900,1.86000000E+2,1.77007233E+2,6.59381688E-1,
1640.625000,1.62000000E+2,1.76915756E+2,-1.17189252E+0,
1642.578100,1.63000000E+2,1.76824371E+2,-1.08280838E+0,
1644.531300,1.67000000E+2,1.76733093E+2,-7.53169358E-1,
1646.484400,1.87000000E+2,1.76641907E+2,7.57458806E-1,
1648.437500,1.62000000E+2,1.76550812E+2,-1.14321971E+0,
1650.390600,1.83000000E+2,1.76459824E+2,4.83463734E-1,
1652.343800,1.94000000E+2,1.76368927E+2,1.26583719E+0,
1654.296900,1.60000000E+2,1.76278137E+2,-1.28689981E+0,
1656.25000,1.71000000E+2,1.76187454E+2,-3.96694541E-1,
1658.203100,1.60000000E+2,1.76096863E+2,-1.27256870E+0,
1660.156300,1.61000000E+2,1.76006348E+2,-1.18266594E+0,
1662.109400,1.72000000E+2,1.75915955E+2,-2.98588723E-1,
1664.062500,1.93000000E+2,1.75825653E+2,1.23623657E+0,
1666.015600,1.71000000E+2,1.75735443E+2,-3.62128377E-1,
1667.968800,1.77000000E+2,1.75645340E+2,1.01822481E-1,
1669.921900,1.80000000E+2,1.75555328E+2,3.31286281E-1,
1671.875000,1.79000000E+2,1.75465408E+2,2.64187783E-1,
1673.828100,1.96000000E+2,1.75375595E+2,1.47317171E+0,
1675.781300,1.79000000E+2,1.75285889E+2,2.77605712E-1,
1677.734400,1.72000000E+2,1.75196259E+2,-2.43712425E-1,
1679.687500,1.89000000E+2,1.75106720E+2,1.01058745E+0,
1681.640600,1.80000000E+2,1.75017303E+2,3.71388286E-1,
1683.593800,1.80000000E+2,1.74927963E+2,3.78047317E-1,
1685.546900,1.83000000E+2,1.74838730E+2,6.03298426E-1,
1687.5000,1.87000000E+2,1.74749603E+2,8.95837724E-1,
1689.453100,1.60000000E+2,1.74660553E+2,-1.15901852E+0,
1691.406300,1.82000000E+2,1.74571609E+2,5.50628960E-1,
1693.359400,1.87000000E+2,1.74482758E+2,9.15351450E-1,
1695.312500,1.79000000E+2,1.74394012E+2,3.44267666E-1,
1697.265600,1.62000000E+2,1.74305344E+2,-9.66799080E-1,
1699.218800,1.79000000E+2,1.74216782E+2,3.57514530E-1,
1701.171900,1.72000000E+2,1.74128311E+2,-1.62282199E-1,
1703.125000,1.71000000E+2,1.74039948E+2,-2.32470602E-1,
1705.078100,2.05000000E+2,1.73951660E+2,2.16851020E+0,
1707.031300,1.55000000E+2,1.73863464E+2,-1.51514995E+0,
1708.984400,1.75000000E+2,1.73775391E+2,9.25717652E-2,
1710.937500,1.74000000E+2,1.73687393E+2,2.36986615E-2,
1712.890600,1.83000000E+2,1.73599503E+2,6.94904745E-1,
1714.843800,1.66000000E+2,1.73511688E+2,-5.83020091E-1,
1716.796900,1.65000000E+2,1.73423981E+2,-6.55806005E-1,
1718.75000,1.65000000E+2,1.73336380E+2,-6.48986280E-1,
1720.703100,1.79000000E+2,1.73248871E+2,4.29859579E-1,
1722.656300,1.45000000E+2,1.73161438E+2,-2.33868003E+0,
1724.609400,1.85000000E+2,1.73074127E+2,8.76807630E-1,
1726.562500,1.61000000E+2,1.72986893E+2,-9.44699526E-1,
1728.515600,1.64000000E+2,1.72899750E+2,-6.94953680E-1,
1730.468800,1.67000000E+2,1.72812714E+2,-4.49801296E-1,
1732.421900,1.87000000E+2,1.72725754E+2,1.04383624E+0,
1734.375000,1.71000000E+2,1.72638901E+2,-1.25329867E-1,
1736.328100,1.69000000E+2,1.72552139E+2,-2.73241490E-1,
1738.281300,1.54000000E+2,1.72465469E+2,-1.48798990E+0,
1740.234400,1.92000000E+2,1.72378906E+2,1.41603053E+0,
1742.187500,1.65000000E+2,1.72292419E+2,-5.67714095E-1,
1744.140600,1.88000000E+2,1.72206024E+2,1.15189409E+0,
1746.093800,1.80000000E+2,1.72119736E+2,5.87360203E-1,
1748.046900,1.60000000E+2,1.72033539E+2,-9.51334774E-1,
1750.00,1.65000000E+2,1.71947433E+2,-5.40856957E-1,
1751.953100,1.98000000E+2,1.71861420E+2,1.85758805E+0,
1753.906300,1.86000000E+2,1.71775482E+2,1.04299223E+0,
1755.859400,1.56000000E+2,1.71689667E+2,-1.25617874E+0,
1757.812500,1.70000000E+2,1.71603928E+2,-1.23015635E-1,
1759.765600,1.75000000E+2,1.71518280E+2,2.63193280E-1,
1761.718800,1.58000000E+2,1.71432739E+2,-1.06865132E+0,
1763.671900,1.72000000E+2,1.71347275E+2,4.97698300E-2,
1765.625000,1.81000000E+2,1.71261902E+2,7.23827124E-1,
1767.578100,1.69000000E+2,1.71176636E+2,-1.67433515E-1,
1769.531300,1.61000000E+2,1.71091461E+2,-7.95318544E-1,
1771.484400,1.62000000E+2,1.71006363E+2,-7.07606673E-1,
1773.437500,1.80000000E+2,1.70921356E+2,6.76682174E-1,
1775.390600,1.70000000E+2,1.70836456E+2,-6.41532689E-2,
1777.343800,1.62000000E+2,1.70751648E+2,-6.87594414E-1,
1779.296900,1.94000000E+2,1.70666931E+2,1.67521667E+0,
1781.25000,1.49000000E+2,1.70582291E+2,-1.76809013E+0,
1783.203100,1.59000000E+2,1.70497742E+2,-9.11830187E-1,
1785.156300,1.82000000E+2,1.70413300E+2,8.58863413E-1,
1787.109400,1.80000000E+2,1.70328949E+2,7.20837593E-1,
1789.062500,1.68000000E+2,1.70244690E+2,-1.73181593E-1,
1791.015600,1.75000000E+2,1.70160507E+2,3.65831256E-1,
1792.968800,1.59000000E+2,1.70076416E+2,-8.78416896E-1,
1794.921900,1.64000000E+2,1.69992432E+2,-4.67930287E-1,
1796.875000,1.56000000E+2,1.69908539E+2,-1.11357439E+0,
1798.828100,1.63000000E+2,1.69824722E+2,-5.34553528E-1,
1800.781300,1.48000000E+2,1.69740997E+2,-1.78709900E+0,
1802.734400,1.94000000E+2,1.69657379E+2,1.74769831E+0,
1804.687500,1.67000000E+2,1.69573822E+2,-1.99168324E-1,
1806.640600,1.64000000E+2,1.69490387E+2,-4.28727180E-1,
1808.593800,1.72000000E+2,1.69407013E+2,1.97713405E-1,
1810.546900,1.72000000E+2,1.69323761E+2,2.04061314E-1,
1812.5000,1.59000000E+2,1.69240570E+2,-8.12130034E-1,
1814.453100,1.74000000E+2,1.69157471E+2,3.67111206E-1,
1816.406300,1.87000000E+2,1.69074478E+2,1.31084394E+0,
1818.359400,2.07000000E+2,1.68991577E+2,2.64176798E+0,
1820.312500,1.67000000E+2,1.68908752E+2,-1.47703707E-1,
1822.265600,1.66000000E+2,1.68826019E+2,-2.19341636E-1,
1824.218800,1.78000000E+2,1.68743378E+2,6.93813205E-1,
1826.171900,1.76000000E+2,1.68660828E+2,5.53210914E-1,
1828.125000,1.77000000E+2,1.68578369E+2,6.33008540E-1,
1830.078100,1.55000000E+2,1.68495987E+2,-1.08402371E+0,
1832.031300,1.60000000E+2,1.68413696E+2,-6.65161073E-1,
1833.984400,1.56000000E+2,1.68331512E+2,-9.87311184E-1,
1835.937500,1.58000000E+2,1.68249390E+2,-8.15397680E-1,
1837.890600,1.81000000E+2,1.68167374E+2,9.53841627E-1,
1839.843800,1.68000000E+2,1.68085449E+2,-6.59255031E-3,
1841.796900,1.75000000E+2,1.68003601E+2,5.28878033E-1,
1843.75000,1.92000000E+2,1.67921844E+2,1.73769116E+0,
1845.703100,1.70000000E+2,1.67840179E+2,1.65650681E-1,
1847.656300,1.73000000E+2,1.67758606E+2,3.98495793E-1,
1849.609400,1.64000000E+2,1.67677124E+2,-2.87135154E-1,
1851.562500,1.85000000E+2,1.67595734E+2,1.27958715E+0,
1853.515600,1.53000000E+2,1.67514404E+2,-1.17342007E+0,
1855.468800,1.83000000E+2,1.67433197E+2,1.15073121E+0,
1857.421900,1.59000000E+2,1.67352051E+2,-6.62360728E-1,
1859.375000,1.71000000E+2,1.67270996E+2,2.85164058E-1,
1861.328100,1.84000000E+2,1.67190033E+2,1.23924720E+0,
1863.281300,1.81000000E+2,1.67109161E+2,1.03249788E+0,
1865.234400,1.67000000E+2,1.67028381E+2,-2.19621463E-3,
1867.187500,1.73000000E+2,1.66947678E+2,4.60149556E-1,
1869.140600,1.65000000E+2,1.66867065E+2,-1.45350844E-1,
1871.093800,1.81000000E+2,1.66786530E+2,1.05647898E+0,
1873.046900,1.68000000E+2,1.66706100E+2,9.98265147E-2,
1875.000,1.79000000E+2,1.66625763E+2,9.24893916E-1,
1876.953100,1.67000000E+2,1.66545486E+2,3.51713151E-2,
1878.906300,1.71000000E+2,1.66465302E+2,3.46777052E-1,
1880.859400,1.56000000E+2,1.66385223E+2,-8.31483305E-1,
1882.812500,1.49000000E+2,1.66305206E+2,-1.41769779E+0,
1884.765600,1.57000000E+2,1.66225296E+2,-7.36258805E-1,
1886.718800,1.73000000E+2,1.66145477E+2,5.21139681E-1,
1888.671900,1.83000000E+2,1.66065720E+2,1.25181806E+0,
1890.625000,1.58000000E+2,1.65986053E+2,-6.35336280E-1,
1892.578100,1.49000000E+2,1.65906494E+2,-1.38503397E+0,
1894.531300,1.57000000E+2,1.65826996E+2,-7.04470992E-1,
1896.484400,1.65000000E+2,1.65747604E+2,-5.82009219E-2,
1898.437500,1.51000000E+2,1.65668274E+2,-1.19368720E+0,
1900.390600,1.74000000E+2,1.65589050E+2,6.37632430E-1,
1902.343800,1.87000000E+2,1.65509918E+2,1.57151043E+0,
1904.296900,1.69000000E+2,1.65430847E+2,2.74550229E-1,
1906.25000,1.68000000E+2,1.65351883E+2,2.04306662E-1,
1908.203100,1.71000000E+2,1.65272995E+2,4.37955022E-1,
1910.156300,1.83000000E+2,1.65194183E+2,1.31624377E+0,
1912.109400,1.64000000E+2,1.65115479E+2,-8.71042386E-2,
1914.062500,1.42000000E+2,1.65036835E+2,-1.93320823E+0,
1916.015600,1.55000000E+2,1.64958298E+2,-7.99869716E-1,
1917.968800,1.78000000E+2,1.64879822E+2,9.83398914E-1,
1919.921900,1.46000000E+2,1.64801453E+2,-1.55601931E+0,
1921.875000,1.49000000E+2,1.64723175E+2,-1.28809273E+0,
1923.828100,1.66000000E+2,1.64644958E+2,1.05171613E-1,
1925.781300,1.78000000E+2,1.64566833E+2,1.00685835E+0,
1927.734400,1.71000000E+2,1.64488800E+2,4.97923911E-1,
1929.687500,1.66000000E+2,1.64410828E+2,1.23343691E-1,
1931.640600,1.49000000E+2,1.64332962E+2,-1.25612521E+0,
1933.593800,1.69000000E+2,1.64255188E+2,3.64985555E-1,
1935.546900,1.65000000E+2,1.64177475E+2,6.40334859E-2,
1937.5000,1.69000000E+2,1.64099854E+2,3.76934350E-1,
1939.453100,1.85000000E+2,1.64022324E+2,1.54230940E+0,
1941.406300,1.65000000E+2,1.63944870E+2,8.21417570E-2,
1943.359400,1.53000000E+2,1.63867493E+2,-8.78584743E-1,
1945.312500,1.56000000E+2,1.63790222E+2,-6.23716950E-1,
1947.265600,1.36000000E+2,1.63713013E+2,-2.37637115E+0,
1949.218800,1.61000000E+2,1.63635895E+2,-2.07737610E-1,
1951.171900,1.49000000E+2,1.63558868E+2,-1.19270897E+0,
1953.125000,1.59000000E+2,1.63481918E+2,-3.55439246E-1,
1955.078100,1.88000000E+2,1.63405060E+2,1.79377031E+0,
1957.031300,1.43000000E+2,1.63328278E+2,-1.69993591E+0,
1958.984400,1.65000000E+2,1.63251556E+2,1.36116147E-1,
1960.937500,1.64000000E+2,1.63174957E+2,6.44250140E-2,
1962.890600,1.76000000E+2,1.63098419E+2,9.72493231E-1,
1964.843800,1.67000000E+2,1.63021957E+2,3.07830185E-1,
1966.796900,1.89000000E+2,1.62945587E+2,1.89517963E+0,
1968.75000,1.65000000E+2,1.62869293E+2,1.65875301E-1,
1970.703100,1.70000000E+2,1.62793091E+2,5.52744687E-1,
1972.656300,1.54000000E+2,1.62716980E+2,-7.02434242E-1,
1974.609400,1.64000000E+2,1.62640930E+2,1.06125519E-1,
1976.562500,1.64000000E+2,1.62564972E+2,1.12056866E-1,
1978.515600,1.63000000E+2,1.62489105E+2,4.00163680E-2,
1980.468800,1.74000000E+2,1.62413300E+2,8.78385484E-1,
1982.421900,1.66000000E+2,1.62337601E+2,2.84257323E-1,
1984.375000,1.70000000E+2,1.62261963E+2,5.93480349E-1,
1986.328100,1.81000000E+2,1.62186417E+2,1.39840269E+0,
1988.281300,1.57000000E+2,1.62110947E+2,-4.07897949E-1,
1990.234400,1.80000000E+2,1.62035553E+2,1.33899081E+0,
1992.187500,1.81000000E+2,1.61960266E+2,1.41521227E+0,
1994.140600,2.17000000E+2,1.61885040E+2,3.74144721E+0,
1996.093800,1.51000000E+2,1.61809906E+2,-8.79697680E-1,
1998.046900,1.08000000E+2,1.61734833E+2,-5.17063665E+0,
