Collective data

Labels,AD4,AD3,AD2,AD1,
Type,Emission Scan,Emission Scan,Emission Scan,Emission Scan,
Comment,,,,,
Start,700.00,700.00,700.00,700.00,
Stop,900.00,900.00,900.00,900.00,
Step,2.00,2.00,2.00,2.00,
Fixed/Offset,634.300,634.300,634.300,634.300,
Xaxis,Wavelength,Wavelength,Wavelength,Wavelength,
Yaxis,Counts,Counts,Counts,Counts,
Scan Corr. by File,True,True,True,True,
Corr. by Ref. Det.,True,True,True,True,
Fixed/Offset Corr. by File,False,False,False,False,
Repeats,1,1,1,1,
Dwell Time,0.10,0.10,0.10,0.10,
Lamp,Xenon,Xenon,Xenon,Xenon,
Temp,0.00,0.00,0.00,0.00,
Scan Polariser,None,None,None,None,
Scan Slit,0.99968487,0.99968487,0.99968487,0.99968487,
Fixed/Offset Polariser,None,None,None,None,
Fixed/Offset Slit,0.99968487,0.99968487,0.99968487,0.99968487,
Detector,Detector 1,Detector 1,Detector 1,Detector 1,

700.00,1.44825830E+3,7.20353012E+1,-1.44371750E+2,0.00000000E+0,
702.00,1.09854272E+3,3.65187927E+2,-4.38866333E+2,-3.65187927E+2,
704.00,2.15134644E+3,1.62729675E+3,2.96489746E+2,-1.47905273E+2,
706.00,1.50324585E+3,5.99922058E+2,1.50481491E+2,6.75193359E+2,
708.00,2.28683179E+3,-7.60691147E+1,4.57366394E+2,9.87870728E+2,
710.00,3.01620532E+3,1.07959009E+3,3.09418854E+2,9.24402466E+2,
712.00,2.82719458E+3,1.25261487E+3,9.42791138E+2,3.91117096E+2,
714.00,2.63350513E+3,1.82708508E+3,1.59506516E+2,7.95376205E+1,
716.00,3.16156738E+3,2.50623999E+3,-8.10658264E+1,4.04232269E+2,
718.00,3.37689917E+3,9.04485718E+2,1.64486252E+2,6.57122559E+2,
720.00,5.18298584E+3,1.33531323E+3,1.08494202E+3,-1.66809799E+2,
722.00,6.17745117E+3,1.10032349E+3,0.00000000E+0,1.26748889E+3,
724.00,9.53330273E+3,1.37732690E+3,4.30145111E+2,1.02955469E+3,
726.00,8.64663477E+3,3.23629736E+3,5.23929199E+2,9.60336487E+2,
728.00,1.12735830E+4,2.04039429E+3,-8.86018600E+1,6.21378601E+2,
730.00,1.38791807E+4,3.59822266E+3,1.79836197E+2,9.91784058E+2,
732.00,1.15229414E+4,5.01938135E+3,5.48025330E+2,2.19393042E+3,
734.00,1.81978906E+4,4.44827539E+3,0.00000000E+0,1.85537964E+3,
736.00,1.83101699E+4,5.27550439E+3,9.41858276E+2,1.78878577E+3,
738.00,2.39745898E+4,5.55978516E+3,1.05224792E+3,1.81714124E+3,
740.00,2.64814219E+4,6.91387109E+3,1.26354834E+3,2.13742285E+3,
742.00,3.06521621E+4,8.98664648E+3,9.86516342E+1,2.86089722E+3,
744.00,3.49863828E+4,8.73748438E+3,7.01408630E+2,3.80843848E+3,
746.00,4.36981289E+4,1.16349150E+4,9.17019104E+2,4.37858447E+3,
748.00,5.08470703E+4,1.28637490E+4,1.86576660E+3,5.38775488E+3,
750.00,6.20188047E+4,1.44907695E+4,1.26504688E+3,6.22627930E+3,
752.00,6.58676250E+4,1.82148965E+4,1.28691211E+3,5.15622412E+3,
754.00,8.28063125E+4,2.14004883E+4,1.52844946E+3,6.46149854E+3,
756.00,9.67435625E+4,2.43253730E+4,2.66630859E+3,7.90594336E+3,
758.00,1.12291328E+5,2.74604629E+4,2.93924121E+3,6.90165967E+3,
760.00,1.34252125E+5,3.18944277E+4,2.76707300E+3,8.63990332E+3,
762.00,1.54410234E+5,3.63311563E+4,1.99713391E+3,1.29967422E+4,
764.00,1.82085656E+5,4.49924492E+4,4.54331543E+3,1.51242949E+4,
766.00,2.18975359E+5,4.71783203E+4,4.49521094E+3,1.39425313E+4,
768.00,2.45377578E+5,6.10513555E+4,6.43450977E+3,1.77926367E+4,
770.00,2.79699375E+5,6.89588047E+4,6.30237402E+3,1.81319043E+4,
772.00,3.33890813E+5,7.68801719E+4,6.03359766E+3,2.07619727E+4,
774.00,3.74471531E+5,9.90949922E+4,8.09471533E+3,2.63401387E+4,
776.00,4.40574531E+5,1.04795750E+5,9.69407324E+3,2.82090137E+4,
778.00,5.07085875E+5,1.23251281E+5,9.87481641E+3,3.19460469E+4,
780.00,5.57829125E+5,1.41161734E+5,8.39676465E+3,4.06093672E+4,
782.00,6.56728750E+5,1.58466500E+5,1.28876006E+4,4.01116563E+4,
784.00,7.35720750E+5,1.84404234E+5,1.41082061E+4,4.52795039E+4,
786.00,8.39314750E+5,2.00595484E+5,1.73801152E+4,6.20951211E+4,
788.00,9.44232563E+5,2.21242250E+5,1.68130117E+4,6.42491484E+4,
790.00,1.03510794E+6,2.52655797E+5,1.89079570E+4,7.47513125E+4,
792.00,1.14322238E+6,2.81306344E+5,1.82918574E+4,7.63302266E+4,
794.00,1.22127888E+6,3.28776844E+5,2.26204043E+4,8.66443203E+4,
796.00,1.33746925E+6,3.53227156E+5,2.39340605E+4,8.50306797E+4,
798.00,1.40676700E+6,3.75817125E+5,2.84861563E+4,1.01319000E+5,
800.00,1.47707338E+6,3.96190438E+5,2.21275840E+4,9.26936875E+4,
802.00,1.52927675E+6,4.19840469E+5,2.61039766E+4,1.06309922E+5,
804.00,1.62862388E+6,4.21532594E+5,2.36460879E+4,1.12314070E+5,
806.00,1.64002788E+6,4.42604219E+5,2.42898945E+4,1.06168875E+5,
808.00,1.67947788E+6,4.63053750E+5,2.60034785E+4,1.00496992E+5,
810.00,1.70959113E+6,4.48039688E+5,2.44792129E+4,1.05545320E+5,
812.00,1.68599450E+6,4.60718406E+5,2.35917461E+4,9.88015313E+4,
814.00,1.70890113E+6,4.61212250E+5,2.43122441E+4,1.00598766E+5,
816.00,1.69549338E+6,4.84088063E+5,2.06421582E+4,1.05989039E+5,
818.00,1.63760913E+6,4.58281125E+5,2.01686563E+4,8.27457734E+4,
820.00,1.63957588E+6,4.51498188E+5,1.76253945E+4,8.15804609E+4,
822.00,1.60258938E+6,4.21845156E+5,1.83876680E+4,8.06738906E+4,
824.00,1.56018650E+6,4.41941281E+5,1.80062891E+4,8.30487109E+4,
826.00,1.47129413E+6,4.19791000E+5,1.81904980E+4,7.75998984E+4,
828.00,1.41305363E+6,3.99962781E+5,1.37086836E+4,7.11070547E+4,
830.00,1.31878213E+6,3.87026375E+5,1.32355010E+4,7.28636875E+4,
832.00,1.19127325E+6,3.53079781E+5,1.39399805E+4,6.53136719E+4,
834.00,1.13468113E+6,3.39453500E+5,1.24689209E+4,6.09217617E+4,
836.00,1.01572563E+6,3.17739844E+5,1.21634844E+4,6.13615977E+4,
838.00,9.18777313E+5,2.73875313E+5,8.38224902E+3,5.07447227E+4,
840.00,8.07940188E+5,2.60663250E+5,9.69844531E+3,3.56985313E+4,
842.00,7.06212000E+5,2.25065500E+5,7.91639648E+3,4.14051289E+4,
844.00,6.35426563E+5,1.97901219E+5,7.56025195E+3,3.73345898E+4,
846.00,5.43131313E+5,1.76608359E+5,5.09291699E+3,3.22551406E+4,
848.00,4.61011031E+5,1.70897422E+5,4.08780713E+3,3.39791680E+4,
850.00,4.01549438E+5,1.46180953E+5,6.34463623E+3,2.02914766E+4,
852.00,3.53934719E+5,1.13090055E+5,2.67118604E+3,2.21903066E+4,
854.00,3.01248938E+5,1.11817672E+5,4.07687915E+3,1.96597773E+4,
856.00,2.55352750E+5,8.73514453E+4,3.69664526E+3,1.86909043E+4,
858.00,2.33926813E+5,7.57342031E+4,1.41912927E+3,1.46429941E+4,
860.00,2.06773609E+5,6.59971563E+4,1.70330383E+3,1.70224063E+4,
862.00,1.85507516E+5,5.51929531E+4,0.00000000E+0,8.80609180E+3,
864.00,1.55740047E+5,5.32970508E+4,1.83225574E+3,9.40144336E+3,
866.00,1.24452305E+5,4.98355977E+4,5.73795313E+3,8.98300586E+3,
868.00,1.12838164E+5,3.68920273E+4,1.72020422E+3,7.42632910E+3,
870.00,9.74644141E+4,3.50816016E+4,3.33294214E+3,4.23222559E+3,
872.00,8.10754453E+4,2.51056035E+4,3.54053369E+3,4.50051270E+3,
874.00,8.47081797E+4,2.17457871E+4,1.72441846E+3,5.86424365E+3,
876.00,5.48804141E+4,3.09998203E+4,3.73413940E+2,8.58673145E+3,
878.00,5.73101328E+4,2.19714453E+4,-1.22089038E+3,2.43974561E+3,
880.00,4.72184453E+4,2.71728809E+4,7.12434326E+3,8.45135645E+3,
882.00,4.23221875E+4,2.60279609E+4,1.47328076E+3,3.42979858E+3,
884.00,5.25705195E+4,2.18405625E+4,3.82368994E+3,8.18169629E+3,
886.00,3.18606680E+4,1.10011436E+4,2.44368115E+3,2.44266455E+3,
888.00,3.10284473E+4,1.37703145E+4,0.00000000E+0,3.43971313E+3,
890.00,4.69617422E+4,6.26287207E+3,-3.91756226E+3,7.81880798E+2,
892.00,2.32194316E+4,-8.94359741E+2,-8.95106873E+2,5.34941357E+3,
894.00,1.73599297E+4,1.12399209E+4,7.16312988E+3,6.11556738E+3,
896.00,1.52587354E+4,1.05659404E+4,1.99828672E+4,1.52460342E+4,
898.00,1.08463711E+4,9.48859863E+3,1.08486299E+4,8.12462598E+3,
900.00,1.56681914E+4,2.34437031E+4,3.13037915E+3,1.56518945E+4,
